{"mat": [[1.0, 0.3499286779445461, 0.0, 0.0, 0.0, 0.27801235136564173, -0.23512874804835837, 0.18792381517427936, -0.10341768847132249, -0.20312834327969242, -0.13736508286194393, 0.0, 0.39066367663294665, 0.3032538497393982, 0.10696346040874716, 0.0, 0.40028991638005706, 0.0, 0.0, 0.18620337442182744, 0.0, 0.3815576501038087, 0.3093609021397834, -0.44510667310334595, 0.3437206323740978, 0.3528041488316731, 0.0, 0.21235969628735596, 0.0, 0.2848840318030993, 0.20073331952945017, 0.25765352293748345, 0.11906489769204198], [0.3499286779445461, 1.0, 0.4390129906592427, 0.0, -0.15920599457888285, 0.21350467699783027, -0.10443537740503306, 0.0, 0.0, -0.12332432644696634, 0.0, 0.0, 0.3858028173824104, -0.17169728469294832, 0.0, 0.0, 0.0, 0.0, -0.13227640564644183, 0.0, 0.0, 0.0, 0.0, 0.0, 0.29708790870835267, -0.10678402404585219, 0.5102023114839213, 0.6230376542435909, 0.20461433355093916, 0.0, 0.13759982466636467, 0.0, 0.0], [0.0, 0.4390129906592427, 1.0, -0.14429513914468228, -0.12839781856737487, 0.0, -0.19491862573385776, 0.0, -0.1365114795685638, 0.20708016654433714, 0.3025600053452753, 0.0, 0.3591521013765937, -0.15534372366993532, -0.16585406297253957, -0.1232724966870109, 0.0, -0.1197011986988441, -0.1119638827419418, -0.1560756537805399, 0.0, -0.15516211576111782, -0.13550692430890532, -0.1045344581152845, 0.16712104162573427, -0.1729506736616837, 0.23917058996956975, 0.3265950229691865, 0.26371965154030974, 0.0, 0.1905573772591861, 0.0, 0.0], [0.0, 0.0, -0.14429513914468228, 1.0, 0.3128040812572508, 0.0, 0.1302767682293542, 0.0, 0.30519961419108554, 0.6199692929955203, 0.2874037978654963, 0.0, -0.13868448873547634, -0.2171803183334804, 0.19874704166864565, 0.31968015060268107, 0.0, 0.20202698181639045, 0.7632800098225819, 0.0, 0.23527267131886276, 0.0, 0.0, 0.582286664611377, 0.2992698356443877, -0.12041109526821425, 0.0, -0.13549777537940977, 0.0, -0.16313089147056758, -0.4411368009855292, -0.26426033254406267, 0.22998171856922722], [0.0, -0.15920599457888285, -0.12839781856737487, 0.3128040812572508, 1.0, 0.0, 0.13005172729118153, 0.3521505967863564, -0.16046606553966303, 0.31172684919515214, 0.0, 0.0, 0.0, 0.2808065920840175, 0.19893328214360928, -0.12758785000328543, 0.4561671045300296, -0.2129947526699003, 0.22432785847125714, -0.14141453051944608, 0.10908066254215587, 0.18561837597387643, 0.37841982091815907, 0.2694854406039163, -0.14582905998721563, 0.37532571242505786, -0.23250366886112062, -0.22908963830115137, 0.0, 0.26438689399346904, 0.12205504367834874, 0.0, -0.20861983260226524], [0.27801235136564173, 0.21350467699783027, 0.0, 0.0, 0.0, 1.0, 0.18872674196566863, 0.5845311225868046, 0.20257693201133498, 0.0, 0.0, 0.16115642884280312, 0.35465096966991805, 0.33286523296381376, 0.3328325582903817, 0.0, 0.3602064941785349, 0.0, 0.0, 0.10710807975352066, 0.17635383213960687, 0.29328845979718876, 0.29874225910405294, 0.12163353664691201, 0.0, 0.18754738205353572, 0.5300550349908832, 0.0, 0.0, 0.27592882465519164, 0.20881493685528474, 0.20325364780098798, 0.0], [-0.23512874804835837, -0.10443537740503306, -0.19491862573385776, 0.1302767682293542, 0.13005172729118153, 0.18872674196566863, 1.0, 0.1542235773402929, 0.32670866478314564, 0.0, 0.0, 0.0, 0.0, 0.0, 0.29417915805875505, 0.0, 0.0, 0.0, 0.0, 0.11646902644227142, 0.16361018364453894, 0.0, 0.0, 0.2089716578862948, -0.30961238726639007, -0.1290057807869469, 0.0, -0.2001490383727884, 0.0, 0.0, -0.10928204127139973, 0.0, 0.0], [0.18792381517427936, 0.0, 0.0, 0.0, 0.3521505967863564, 0.5845311225868046, 0.1542235773402929, 1.0, 0.0, 0.0, 0.0, 0.1396686956961284, 0.16274069032972416, 0.22865617250775783, 0.5743427127178522, -0.13541416906562453, 0.3422753796092777, -0.2169523215345519, 0.0, -0.13429561392219602, -0.11412051043519633, 0.34075620721374245, 0.403305487649128, 0.0, -0.14783048846568692, 0.4700050621044054, 0.0, -0.25057345903856065, 0.0, 0.14655040115606066, 0.17876723121766258, 0.0, -0.23386054037687165], [-0.10341768847132249, 0.0, -0.1365114795685638, 0.30519961419108554, -0.16046606553966303, 0.20257693201133498, 0.32670866478314564, 0.0, 1.0, -0.1461121672824901, -0.13635447281970547, 0.5867680237809031, -0.17529945532511348, 0.0, 0.18359130524701117, 0.849635668487403, 0.0, 0.8113991204944638, 0.0, 0.7268526536282236, 0.0, 0.40767900500874354, 0.0, 0.15205178789127682, 0.4577754563582931, 0.0, 0.0, 0.17407786742942555, 0.2684104033928749, 0.0, -0.15499036884788353, 0.11058225980393233, 0.768113879297124], [-0.20312834327969242, -0.12332432644696634, 0.20708016654433714, 0.6199692929955203, 0.31172684919515214, 0.0, 0.0, 0.0, -0.1461121672824901, 1.0, 0.5807771217928368, -0.21782006855503688, 0.0, -0.3028679611100218, 0.11963853445881889, -0.22216001748644643, 0.0, -0.2665937829583078, 0.7694087678185455, -0.42409484291663513, 0.2648098015059668, -0.41778908717727914, -0.25958770660237485, 0.6545692711389834, -0.16191199412270763, -0.2923186398179394, 0.18695356807041796, -0.3075738055588959, 0.0, -0.21123239088249268, -0.37483554606919123, -0.433746267754165, -0.24318298405741712], [-0.13736508286194393, 0.0, 0.3025600053452753, 0.2874037978654963, 0.0, 0.0, 0.0, 0.0, -0.13635447281970547, 0.5807771217928368, 1.0, 0.0, 0.0, -0.16413890907376727, 0.17813009880255593, -0.15702967559587533, 0.14090065832598442, -0.14966751061323258, 0.4315561400915737, -0.25653010235222573, 0.0, -0.24184368569543646, 0.0, 0.36072462113277637, 0.0, -0.15639423430652455, 0.0, 0.0, 0.0, 0.0, -0.12783683603675478, -0.2347177312757216, -0.12686873270737564], [0.0, 0.0, 0.0, 0.0, 0.0, 0.16115642884280312, 0.0, 0.1396686956961284, 0.5867680237809031, -0.21782006855503688, 0.0, 1.0, 0.0, 0.17685969339729635, 0.0, 0.6257424496950738, 0.1604388197491211, 0.669462150790839, 0.0, 0.646971952667092, 0.0, 0.6080927969934569, 0.34446528437138846, 0.0, 0.5215040855315444, 0.0, -0.1791548411536248, 0.2658204435597378, 0.24318848738716592, 0.0, 0.19438979513949461, 0.18541817397090532, 0.6674930922956169], [0.39066367663294665, 0.3858028173824104, 0.3591521013765937, -0.13868448873547634, 0.0, 0.35465096966991805, 0.0, 0.16274069032972416, -0.17529945532511348, 0.0, 0.0, 0.0, 1.0, 0.5210160857182065, -0.11602074875597523, -0.16325568669903245, 0.4475380363543823, -0.2206229888513238, -0.18003720347636576, 0.0, 0.0, 0.13276962768520384, 0.18879984945682027, -0.28108898012864714, 0.0, 0.0, 0.21476057224410816, 0.46159094546904034, 0.0, 0.5100690763802518, 0.6094908278567923, 0.3964417531617125, -0.18512501651048918], [0.3032538497393982, -0.17169728469294832, -0.15534372366993532, -0.2171803183334804, 0.2808065920840175, 0.33286523296381376, 0.0, 0.22865617250775783, 0.0, -0.3028679611100218, -0.16413890907376727, 0.17685969339729635, 0.5210160857182065, 1.0, 0.0, 0.0, 0.5978947403597802, 0.0, -0.21638496908000637, 0.3082683772302973, -0.1297350125739254, 0.6076515895902683, 0.5074934739096552, -0.344319634862019, 0.0, 0.28534015351453346, -0.3051698805648244, 0.0, 0.11597584608021361, 0.817280269106877, 0.7523981980193538, 0.7143138098375584, 0.0], [0.10696346040874716, 0.0, -0.16585406297253957, 0.19874704166864565, 0.19893328214360928, 0.3328325582903817, 0.29417915805875505, 0.5743427127178522, 0.18359130524701117, 0.11963853445881889, 0.17813009880255593, 0.0, -0.11602074875597523, 0.0, 1.0, 0.0, 0.16870290154322332, 0.0, 0.15788323205385157, 0.0, 0.0, 0.2244686239114284, 0.31438546970892756, 0.0, 0.0, 0.35319453509979537, 0.0, -0.22273471621214735, 0.0, -0.12200085728227661, -0.21359597064136726, -0.23552193480045402, 0.0], [0.0, 0.0, -0.1232724966870109, 0.31968015060268107, -0.12758785000328543, 0.0, 0.0, -0.13541416906562453, 0.849635668487403, -0.22216001748644643, -0.15702967559587533, 0.6257424496950738, -0.16325568669903245, 0.0, 0.0, 1.0, 0.0, 0.9163912685285722, 0.0, 0.8465765581746167, 0.0, 0.5201994914368229, 0.1352076018787548, 0.0, 0.6177307731556161, 0.0, -0.19830560850526613, 0.26468573449183797, 0.2521190644672322, 0.0, -0.1422508451648321, 0.18839023117625842, 0.879125894550379], [0.40028991638005706, 0.0, 0.0, 0.0, 0.4561671045300296, 0.3602064941785349, 0.0, 0.3422753796092777, 0.0, 0.0, 0.14090065832598442, 0.1604388197491211, 0.4475380363543823, 0.5978947403597802, 0.16870290154322332, 0.0, 1.0, 0.0, 0.0, 0.12035056301194946, 0.0, 0.4720230695382408, 0.5141467156679448, 0.0, 0.13132481377540084, 0.432810031587326, 0.0, 0.11029075904497176, 0.0, 0.5265923717160148, 0.4907158987073834, 0.402332540171744, 0.0], [0.0, 0.0, -0.1197011986988441, 0.20202698181639045, -0.2129947526699003, 0.0, 0.0, -0.2169523215345519, 0.8113991204944638, -0.2665937829583078, -0.14966751061323258, 0.669462150790839, -0.2206229888513238, 0.0, 0.0, 0.9163912685285722, 0.0, 1.0, 0.0, 0.8581480843490074, 0.0, 0.5381867468470859, 0.12139997853293161, 0.0, 0.6805481354954085, 0.0, -0.2023447450088156, 0.31694992899907015, 0.2579072677093843, 0.0, -0.11936330912008075, 0.17353924191242376, 0.9658018592138331], [0.0, -0.13227640564644183, -0.1119638827419418, 0.7632800098225819, 0.22432785847125714, 0.0, 0.0, 0.0, 0.0, 0.7694087678185455, 0.4315561400915737, 0.0, -0.18003720347636576, -0.21638496908000637, 0.15788323205385157, 0.0, 0.0, 0.0, 1.0, -0.23374554280814164, 0.2577794910974949, -0.29832250019248785, -0.22838184029677255, 0.6383918102862114, 0.0, -0.278584391437688, 0.13252562226500286, -0.24417571247320402, 0.0, -0.2313308244255743, -0.444808545031417, -0.41347664389266714, 0.0], [0.18620337442182744, 0.0, -0.1560756537805399, 0.0, -0.14141453051944608, 0.10710807975352066, 0.11646902644227142, -0.13429561392219602, 0.7268526536282236, -0.42409484291663513, -0.25653010235222573, 0.646971952667092, 0.0, 0.3082683772302973, 0.0, 0.8465765581746167, 0.12035056301194946, 0.8581480843490074, -0.23374554280814164, 1.0, 0.0, 0.682526889324185, 0.3279858646181423, -0.1940492909606184, 0.6087841767921309, 0.10323884308214193, -0.2686224600500562, 0.3915261784174, 0.21992958085134928, 0.22331636424662893, 0.12317825918084202, 0.36893739689223937, 0.8472395884867432], [0.0, 0.0, 0.0, 0.23527267131886276, 0.10908066254215587, 0.17635383213960687, 0.16361018364453894, -0.11412051043519633, 0.0, 0.2648098015059668, 0.0, 0.0, 0.0, -0.1297350125739254, 0.0, 0.0, 0.0, 0.0, 0.2577794910974949, 0.0, 1.0, -0.13169605464043488, -0.1289366975049957, 0.3562465231715155, 0.0, 0.0, 0.38436611679160093, 0.0, 0.0, 0.0, -0.22168907357275836, -0.11996003994828497, 0.0], [0.3815576501038087, 0.0, -0.15516211576111782, 0.0, 0.18561837597387643, 0.29328845979718876, 0.0, 0.34075620721374245, 0.40767900500874354, -0.41778908717727914, -0.24184368569543646, 0.6080927969934569, 0.13276962768520384, 0.6076515895902683, 0.2244686239114284, 0.5201994914368229, 0.4720230695382408, 0.5381867468470859, -0.29832250019248785, 0.682526889324185, -0.13169605464043488, 1.0, 0.6402077872681943, -0.38092062359629253, 0.4547565522989262, 0.5026512041331818, -0.3827240025367038, 0.14174504014864076, 0.1465769257982391, 0.40733119232052906, 0.38578424178536874, 0.42315317234004735, 0.5433556065792279], [0.3093609021397834, 0.0, -0.13550692430890532, 0.0, 0.37841982091815907, 0.29874225910405294, 0.0, 0.403305487649128, 0.0, -0.25958770660237485, 0.0, 0.34446528437138846, 0.18879984945682027, 0.5074934739096552, 0.31438546970892756, 0.1352076018787548, 0.5141467156679448, 0.12139997853293161, -0.22838184029677255, 0.3279858646181423, -0.1289366975049957, 0.6402077872681943, 1.0, -0.22566305815233734, 0.17575204074723239, 0.4933501801116258, -0.2947741070320702, 0.0, 0.0, 0.34605073874132386, 0.4434500535135981, 0.30501108434234203, 0.12001529202888928], [-0.44510667310334595, 0.0, -0.1045344581152845, 0.582286664611377, 0.2694854406039163, 0.12163353664691201, 0.2089716578862948, 0.0, 0.15205178789127682, 0.6545692711389834, 0.36072462113277637, 0.0, -0.28108898012864714, -0.344319634862019, 0.0, 0.0, 0.0, 0.0, 0.6383918102862114, -0.1940492909606184, 0.3562465231715155, -0.38092062359629253, -0.22566305815233734, 1.0, 0.0, -0.298540539823287, 0.35385740076312033, -0.1869592641145319, 0.0, -0.2437288084110132, -0.4150273040236836, -0.33895346106231505, 0.0], [0.3437206323740978, 0.29708790870835267, 0.16712104162573427, 0.2992698356443877, -0.14582905998721563, 0.0, -0.30961238726639007, -0.14783048846568692, 0.4577754563582931, -0.16191199412270763, 0.0, 0.5215040855315444, 0.0, 0.0, 0.0, 0.6177307731556161, 0.13132481377540084, 0.6805481354954085, 0.0, 0.6087841767921309, 0.0, 0.4547565522989262, 0.17575204074723239, 0.0, 1.0, 0.20737793296114515, 0.0, 0.5368466113875572, 0.26163571470880076, 0.0, -0.1064667902304488, 0.0, 0.7582411931720542], [0.3528041488316731, -0.10678402404585219, -0.1729506736616837, -0.12041109526821425, 0.37532571242505786, 0.18754738205353572, -0.1290057807869469, 0.4700050621044054, 0.0, -0.2923186398179394, -0.15639423430652455, 0.0, 0.0, 0.28534015351453346, 0.35319453509979537, 0.0, 0.432810031587326, 0.0, -0.278584391437688, 0.10323884308214193, 0.0, 0.5026512041331818, 0.4933501801116258, -0.298540539823287, 0.20737793296114515, 1.0, -0.2659726986492372, 0.0, 0.0, 0.15407107536551834, 0.16791859227793382, 0.1723243805883079, 0.0], [0.0, 0.5102023114839213, 0.23917058996956975, 0.0, -0.23250366886112062, 0.5300550349908832, 0.0, 0.0, 0.0, 0.18695356807041796, 0.0, -0.1791548411536248, 0.21476057224410816, -0.3051698805648244, 0.0, -0.19830560850526613, 0.0, -0.2023447450088156, 0.13252562226500286, -0.2686224600500562, 0.38436611679160093, -0.3827240025367038, -0.2947741070320702, 0.35385740076312033, 0.0, -0.2659726986492372, 1.0, 0.24438720724006302, 0.0, -0.20386811356781664, -0.18449655822254174, -0.23001087260859698, -0.15162470972574194], [0.21235969628735596, 0.6230376542435909, 0.3265950229691865, -0.13549777537940977, -0.22908963830115137, 0.0, -0.2001490383727884, -0.25057345903856065, 0.17407786742942555, -0.3075738055588959, 0.0, 0.2658204435597378, 0.46159094546904034, 0.0, -0.22273471621214735, 0.26468573449183797, 0.11029075904497176, 0.31694992899907015, -0.24417571247320402, 0.3915261784174, 0.0, 0.14174504014864076, 0.0, -0.1869592641145319, 0.5368466113875572, 0.0, 0.24438720724006302, 1.0, 0.22807310599245523, 0.0, 0.27851467998047785, 0.1492834787276942, 0.35213357298215353], [0.0, 0.20461433355093916, 0.26371965154030974, 0.0, 0.0, 0.0, 0.0, 0.0, 0.2684104033928749, 0.0, 0.0, 0.24318848738716592, 0.0, 0.11597584608021361, 0.0, 0.2521190644672322, 0.0, 0.2579072677093843, 0.0, 0.21992958085134928, 0.0, 0.1465769257982391, 0.0, 0.0, 0.26163571470880076, 0.0, 0.0, 0.22807310599245523, 1.0, 0.29768526979562515, 0.0, 0.24668982103979653, 0.27256564304321007], [0.2848840318030993, 0.0, 0.0, -0.16313089147056758, 0.26438689399346904, 0.27592882465519164, 0.0, 0.14655040115606066, 0.0, -0.21123239088249268, 0.0, 0.0, 0.5100690763802518, 0.817280269106877, -0.12200085728227661, 0.0, 0.5265923717160148, 0.0, -0.2313308244255743, 0.22331636424662893, 0.0, 0.40733119232052906, 0.34605073874132386, -0.2437288084110132, 0.0, 0.15407107536551834, -0.20386811356781664, 0.0, 0.29768526979562515, 1.0, 0.6796661859223235, 0.8440156041053378, 0.0], [0.20073331952945017, 0.13759982466636467, 0.1905573772591861, -0.4411368009855292, 0.12205504367834874, 0.20881493685528474, -0.10928204127139973, 0.17876723121766258, -0.15499036884788353, -0.37483554606919123, -0.12783683603675478, 0.19438979513949461, 0.6094908278567923, 0.7523981980193538, -0.21359597064136726, -0.1422508451648321, 0.4907158987073834, -0.11936330912008075, -0.444808545031417, 0.12317825918084202, -0.22168907357275836, 0.38578424178536874, 0.4434500535135981, -0.4150273040236836, -0.1064667902304488, 0.16791859227793382, -0.18449655822254174, 0.27851467998047785, 0.0, 0.6796661859223235, 1.0, 0.7164668351843583, -0.1362624992378374], [0.25765352293748345, 0.0, 0.0, -0.26426033254406267, 0.0, 0.20325364780098798, 0.0, 0.0, 0.11058225980393233, -0.433746267754165, -0.2347177312757216, 0.18541817397090532, 0.3964417531617125, 0.7143138098375584, -0.23552193480045402, 0.18839023117625842, 0.402332540171744, 0.17353924191242376, -0.41347664389266714, 0.36893739689223937, -0.11996003994828497, 0.42315317234004735, 0.30501108434234203, -0.33895346106231505, 0.0, 0.1723243805883079, -0.23001087260859698, 0.1492834787276942, 0.24668982103979653, 0.8440156041053378, 0.7164668351843583, 1.0, 0.13618461829999096], [0.11906489769204198, 0.0, 0.0, 0.22998171856922722, -0.20861983260226524, 0.0, 0.0, -0.23386054037687165, 0.768113879297124, -0.24318298405741712, -0.12686873270737564, 0.6674930922956169, -0.18512501651048918, 0.0, 0.0, 0.879125894550379, 0.0, 0.9658018592138331, 0.0, 0.8472395884867432, 0.0, 0.5433556065792279, 0.12001529202888928, 0.0, 0.7582411931720542, 0.0, -0.15162470972574194, 0.35213357298215353, 0.27256564304321007, 0.0, -0.1362624992378374, 0.13618461829999096, 1.0]], "links": [], "views": [{"N_row_sum": "all", "dist": "cos", "nodes": {"row_nodes": [{"group": [18.0, 12.0, 6.0, 4.0, 3.0, 2.0, 2.0, 1.0, 1.0, 1.0, 1.0], "name": "CD38", "clust": 14, "rank": 17, "ini": 33, "rankvar": 8}, {"group": [23.0, 17.0, 10.0, 7.0, 4.0, 3.0, 2.0, 1.0, 1.0, 1.0, 1.0], "name": "CD56", "clust": 23, "rank": 10, "ini": 32, "rankvar": 7}, {"group": [25.0, 19.0, 11.0, 7.0, 4.0, 3.0, 2.0, 1.0, 1.0, 1.0, 1.0], "name": "CD57", "clust": 22, "rank": 6, "ini": 31, "rankvar": 5}, {"group": [4.0, 2.0, 1.0, 1.0, 1.0, 1.0, 1.0, 1.0, 1.0, 1.0, 1.0], "name": "CCR7", "clust": 2, "rank": 13, "ini": 30, "rankvar": 18}, {"group": [22.0, 16.0, 9.0, 6.0, 3.0, 2.0, 2.0, 1.0, 1.0, 1.0, 1.0], "name": "CD4", "clust": 18, "rank": 8, "ini": 29, "rankvar": 10}, {"group": [21.0, 15.0, 8.0, 5.0, 3.0, 2.0, 2.0, 1.0, 1.0, 1.0, 1.0], "name": "CD209", "clust": 19, "rank": 27, "ini": 28, "rankvar": 1}, {"group": [8.0, 6.0, 4.0, 3.0, 2.0, 1.0, 1.0, 1.0, 1.0, 1.0, 1.0], "name": "CCR4", "clust": 0, "rank": 5, "ini": 27, "rankvar": 3}, {"group": [19.0, 13.0, 7.0, 5.0, 3.0, 2.0, 2.0, 1.0, 1.0, 1.0, 1.0], "name": "CCR5", "clust": 20, "rank": 14, "ini": 26, "rankvar": 11}, {"group": [29.0, 20.0, 12.0, 8.0, 5.0, 3.0, 2.0, 1.0, 1.0, 1.0, 1.0], "name": "CCR6", "clust": 27, "rank": 25, "ini": 25, "rankvar": 21}, {"group": [1.0, 1.0, 1.0, 1.0, 1.0, 1.0, 1.0, 1.0, 1.0, 1.0, 1.0], "name": "CD3", "clust": 4, "rank": 0, "ini": 24, "rankvar": 28}, {"group": [5.0, 3.0, 1.0, 1.0, 1.0, 1.0, 1.0, 1.0, 1.0, 1.0, 1.0], "name": "CD8", "clust": 1, "rank": 4, "ini": 23, "rankvar": 9}, {"group": [30.0, 20.0, 12.0, 8.0, 5.0, 3.0, 2.0, 1.0, 1.0, 1.0, 1.0], "name": "CD1c", "clust": 31, "rank": 29, "ini": 22, "rankvar": 16}, {"group": [14.0, 9.0, 5.0, 4.0, 3.0, 2.0, 2.0, 1.0, 1.0, 1.0, 1.0], "name": "CX3CR1", "clust": 8, "rank": 18, "ini": 21, "rankvar": 15}, {"group": [9.0, 7.0, 5.0, 4.0, 3.0, 2.0, 2.0, 1.0, 1.0, 1.0, 1.0], "name": "CD86", "clust": 12, "rank": 20, "ini": 20, "rankvar": 26}, {"group": [20.0, 14.0, 7.0, 5.0, 3.0, 2.0, 2.0, 1.0, 1.0, 1.0, 1.0], "name": "CXCR3", "clust": 21, "rank": 9, "ini": 19, "rankvar": 4}, {"group": [28.0, 20.0, 12.0, 8.0, 5.0, 3.0, 2.0, 1.0, 1.0, 1.0, 1.0], "name": "CXCR5", "clust": 28, "rank": 24, "ini": 18, "rankvar": 29}, {"group": [13.0, 8.0, 5.0, 4.0, 3.0, 2.0, 2.0, 1.0, 1.0, 1.0, 1.0], "name": "DNA", "clust": 9, "rank": 31, "ini": 17, "rankvar": 6}, {"group": [26.0, 20.0, 12.0, 8.0, 5.0, 3.0, 2.0, 1.0, 1.0, 1.0, 1.0], "name": "CD20", "clust": 29, "rank": 22, "ini": 16, "rankvar": 32}, {"group": [2.0, 1.0, 1.0, 1.0, 1.0, 1.0, 1.0, 1.0, 1.0, 1.0, 1.0], "name": "CD27", "clust": 5, "rank": 3, "ini": 15, "rankvar": 22}, {"group": [31.0, 20.0, 12.0, 8.0, 5.0, 3.0, 2.0, 1.0, 1.0, 1.0, 1.0], "name": "CD40", "clust": 32, "rank": 30, "ini": 14, "rankvar": 30}, {"group": [6.0, 4.0, 2.0, 2.0, 1.0, 1.0, 1.0, 1.0, 1.0, 1.0, 1.0], "name": "CD25", "clust": 6, "rank": 7, "ini": 13, "rankvar": 2}, {"group": [15.0, 10.0, 6.0, 4.0, 3.0, 2.0, 2.0, 1.0, 1.0, 1.0, 1.0], "name": "HLADR", "clust": 16, "rank": 32, "ini": 12, "rankvar": 25}, {"group": [16.0, 10.0, 6.0, 4.0, 3.0, 2.0, 2.0, 1.0, 1.0, 1.0, 1.0], "name": "CD141", "clust": 17, "rank": 23, "ini": 11, "rankvar": 13}, {"group": [3.0, 1.0, 1.0, 1.0, 1.0, 1.0, 1.0, 1.0, 1.0, 1.0, 1.0], "name": "CD127", "clust": 3, "rank": 2, "ini": 10, "rankvar": 23}, {"group": [32.0, 20.0, 12.0, 8.0, 5.0, 3.0, 2.0, 1.0, 1.0, 1.0, 1.0], "name": "CD45RA", "clust": 26, "rank": 28, "ini": 9, "rankvar": 19}, {"group": [17.0, 11.0, 6.0, 4.0, 3.0, 2.0, 2.0, 1.0, 1.0, 1.0, 1.0], "name": "CD123", "clust": 15, "rank": 11, "ini": 8, "rankvar": 12}, {"group": [7.0, 5.0, 3.0, 2.0, 1.0, 1.0, 1.0, 1.0, 1.0, 1.0, 1.0], "name": "CD161", "clust": 7, "rank": 1, "ini": 7, "rankvar": 17}, {"group": [24.0, 18.0, 10.0, 7.0, 4.0, 3.0, 2.0, 1.0, 1.0, 1.0, 1.0], "name": "CD16", "clust": 24, "rank": 16, "ini": 6, "rankvar": 14}, {"group": [33.0, 21.0, 13.0, 8.0, 5.0, 3.0, 2.0, 1.0, 1.0, 1.0, 1.0], "name": "CD66b", "clust": 25, "rank": 15, "ini": 5, "rankvar": 0}, {"group": [10.0, 7.0, 5.0, 4.0, 3.0, 2.0, 2.0, 1.0, 1.0, 1.0, 1.0], "name": "CD14", "clust": 13, "rank": 21, "ini": 4, "rankvar": 20}, {"group": [12.0, 7.0, 5.0, 4.0, 3.0, 2.0, 2.0, 1.0, 1.0, 1.0, 1.0], "name": "CD11c", "clust": 10, "rank": 12, "ini": 3, "rankvar": 27}, {"group": [11.0, 7.0, 5.0, 4.0, 3.0, 2.0, 2.0, 1.0, 1.0, 1.0, 1.0], "name": "CD11b", "clust": 11, "rank": 19, "ini": 2, "rankvar": 24}, {"group": [27.0, 20.0, 12.0, 8.0, 5.0, 3.0, 2.0, 1.0, 1.0, 1.0, 1.0], "name": "CD19", "clust": 30, "rank": 26, "ini": 1, "rankvar": 31}], "col_nodes": [{"group": [18.0, 12.0, 6.0, 4.0, 3.0, 2.0, 2.0, 1.0, 1.0, 1.0, 1.0], "name": "CD38", "clust": 14, "rank": 17, "ini": 33, "rankvar": 8}, {"group": [23.0, 17.0, 10.0, 7.0, 4.0, 3.0, 2.0, 1.0, 1.0, 1.0, 1.0], "name": "CD56", "clust": 23, "rank": 10, "ini": 32, "rankvar": 7}, {"group": [25.0, 19.0, 11.0, 7.0, 4.0, 3.0, 2.0, 1.0, 1.0, 1.0, 1.0], "name": "CD57", "clust": 22, "rank": 6, "ini": 31, "rankvar": 5}, {"group": [4.0, 2.0, 1.0, 1.0, 1.0, 1.0, 1.0, 1.0, 1.0, 1.0, 1.0], "name": "CCR7", "clust": 2, "rank": 13, "ini": 30, "rankvar": 18}, {"group": [22.0, 16.0, 9.0, 6.0, 3.0, 2.0, 2.0, 1.0, 1.0, 1.0, 1.0], "name": "CD4", "clust": 18, "rank": 8, "ini": 29, "rankvar": 10}, {"group": [21.0, 15.0, 8.0, 5.0, 3.0, 2.0, 2.0, 1.0, 1.0, 1.0, 1.0], "name": "CD209", "clust": 19, "rank": 27, "ini": 28, "rankvar": 1}, {"group": [8.0, 6.0, 4.0, 3.0, 2.0, 1.0, 1.0, 1.0, 1.0, 1.0, 1.0], "name": "CCR4", "clust": 0, "rank": 5, "ini": 27, "rankvar": 3}, {"group": [19.0, 13.0, 7.0, 5.0, 3.0, 2.0, 2.0, 1.0, 1.0, 1.0, 1.0], "name": "CCR5", "clust": 20, "rank": 14, "ini": 26, "rankvar": 11}, {"group": [29.0, 20.0, 12.0, 8.0, 5.0, 3.0, 2.0, 1.0, 1.0, 1.0, 1.0], "name": "CCR6", "clust": 27, "rank": 25, "ini": 25, "rankvar": 21}, {"group": [1.0, 1.0, 1.0, 1.0, 1.0, 1.0, 1.0, 1.0, 1.0, 1.0, 1.0], "name": "CD3", "clust": 4, "rank": 0, "ini": 24, "rankvar": 28}, {"group": [5.0, 3.0, 1.0, 1.0, 1.0, 1.0, 1.0, 1.0, 1.0, 1.0, 1.0], "name": "CD8", "clust": 1, "rank": 4, "ini": 23, "rankvar": 9}, {"group": [30.0, 20.0, 12.0, 8.0, 5.0, 3.0, 2.0, 1.0, 1.0, 1.0, 1.0], "name": "CD1c", "clust": 31, "rank": 29, "ini": 22, "rankvar": 16}, {"group": [14.0, 9.0, 5.0, 4.0, 3.0, 2.0, 2.0, 1.0, 1.0, 1.0, 1.0], "name": "CX3CR1", "clust": 8, "rank": 18, "ini": 21, "rankvar": 15}, {"group": [9.0, 7.0, 5.0, 4.0, 3.0, 2.0, 2.0, 1.0, 1.0, 1.0, 1.0], "name": "CD86", "clust": 12, "rank": 20, "ini": 20, "rankvar": 26}, {"group": [20.0, 14.0, 7.0, 5.0, 3.0, 2.0, 2.0, 1.0, 1.0, 1.0, 1.0], "name": "CXCR3", "clust": 21, "rank": 9, "ini": 19, "rankvar": 4}, {"group": [28.0, 20.0, 12.0, 8.0, 5.0, 3.0, 2.0, 1.0, 1.0, 1.0, 1.0], "name": "CXCR5", "clust": 28, "rank": 24, "ini": 18, "rankvar": 29}, {"group": [13.0, 8.0, 5.0, 4.0, 3.0, 2.0, 2.0, 1.0, 1.0, 1.0, 1.0], "name": "DNA", "clust": 9, "rank": 31, "ini": 17, "rankvar": 6}, {"group": [26.0, 20.0, 12.0, 8.0, 5.0, 3.0, 2.0, 1.0, 1.0, 1.0, 1.0], "name": "CD20", "clust": 29, "rank": 22, "ini": 16, "rankvar": 32}, {"group": [2.0, 1.0, 1.0, 1.0, 1.0, 1.0, 1.0, 1.0, 1.0, 1.0, 1.0], "name": "CD27", "clust": 5, "rank": 3, "ini": 15, "rankvar": 22}, {"group": [31.0, 20.0, 12.0, 8.0, 5.0, 3.0, 2.0, 1.0, 1.0, 1.0, 1.0], "name": "CD40", "clust": 32, "rank": 30, "ini": 14, "rankvar": 30}, {"group": [6.0, 4.0, 2.0, 2.0, 1.0, 1.0, 1.0, 1.0, 1.0, 1.0, 1.0], "name": "CD25", "clust": 6, "rank": 7, "ini": 13, "rankvar": 2}, {"group": [15.0, 10.0, 6.0, 4.0, 3.0, 2.0, 2.0, 1.0, 1.0, 1.0, 1.0], "name": "HLADR", "clust": 16, "rank": 32, "ini": 12, "rankvar": 25}, {"group": [16.0, 10.0, 6.0, 4.0, 3.0, 2.0, 2.0, 1.0, 1.0, 1.0, 1.0], "name": "CD141", "clust": 17, "rank": 23, "ini": 11, "rankvar": 13}, {"group": [3.0, 1.0, 1.0, 1.0, 1.0, 1.0, 1.0, 1.0, 1.0, 1.0, 1.0], "name": "CD127", "clust": 3, "rank": 2, "ini": 10, "rankvar": 23}, {"group": [32.0, 20.0, 12.0, 8.0, 5.0, 3.0, 2.0, 1.0, 1.0, 1.0, 1.0], "name": "CD45RA", "clust": 26, "rank": 28, "ini": 9, "rankvar": 19}, {"group": [17.0, 11.0, 6.0, 4.0, 3.0, 2.0, 2.0, 1.0, 1.0, 1.0, 1.0], "name": "CD123", "clust": 15, "rank": 11, "ini": 8, "rankvar": 12}, {"group": [7.0, 5.0, 3.0, 2.0, 1.0, 1.0, 1.0, 1.0, 1.0, 1.0, 1.0], "name": "CD161", "clust": 7, "rank": 1, "ini": 7, "rankvar": 17}, {"group": [24.0, 18.0, 10.0, 7.0, 4.0, 3.0, 2.0, 1.0, 1.0, 1.0, 1.0], "name": "CD16", "clust": 24, "rank": 16, "ini": 6, "rankvar": 14}, {"group": [33.0, 21.0, 13.0, 8.0, 5.0, 3.0, 2.0, 1.0, 1.0, 1.0, 1.0], "name": "CD66b", "clust": 25, "rank": 15, "ini": 5, "rankvar": 0}, {"group": [10.0, 7.0, 5.0, 4.0, 3.0, 2.0, 2.0, 1.0, 1.0, 1.0, 1.0], "name": "CD14", "clust": 13, "rank": 21, "ini": 4, "rankvar": 20}, {"group": [12.0, 7.0, 5.0, 4.0, 3.0, 2.0, 2.0, 1.0, 1.0, 1.0, 1.0], "name": "CD11c", "clust": 10, "rank": 12, "ini": 3, "rankvar": 27}, {"group": [11.0, 7.0, 5.0, 4.0, 3.0, 2.0, 2.0, 1.0, 1.0, 1.0, 1.0], "name": "CD11b", "clust": 11, "rank": 19, "ini": 2, "rankvar": 24}, {"group": [27.0, 20.0, 12.0, 8.0, 5.0, 3.0, 2.0, 1.0, 1.0, 1.0, 1.0], "name": "CD19", "clust": 30, "rank": 26, "ini": 1, "rankvar": 31}]}}, {"N_row_sum": 20, "dist": "cos", "nodes": {"row_nodes": [{"group": [12.0, 6.0, 5.0, 3.0, 2.0, 2.0, 1.0, 1.0, 1.0, 1.0, 1.0], "name": "HLADR", "clust": 12, "rank": 19, "ini": 20, "rankvar": 14}, {"group": [17.0, 8.0, 5.0, 3.0, 2.0, 2.0, 1.0, 1.0, 1.0, 1.0, 1.0], "name": "DNA", "clust": 14, "rank": 18, "ini": 19, "rankvar": 2}, {"group": [5.0, 1.0, 1.0, 1.0, 1.0, 1.0, 1.0, 1.0, 1.0, 1.0, 1.0], "name": "CD40", "clust": 8, "rank": 17, "ini": 18, "rankvar": 17}, {"group": [6.0, 1.0, 1.0, 1.0, 1.0, 1.0, 1.0, 1.0, 1.0, 1.0, 1.0], "name": "CD1c", "clust": 9, "rank": 16, "ini": 17, "rankvar": 8}, {"group": [7.0, 1.0, 1.0, 1.0, 1.0, 1.0, 1.0, 1.0, 1.0, 1.0, 1.0], "name": "CD45RA", "clust": 3, "rank": 15, "ini": 16, "rankvar": 10}, {"group": [10.0, 4.0, 4.0, 2.0, 2.0, 2.0, 1.0, 1.0, 1.0, 1.0, 1.0], "name": "CD209", "clust": 10, "rank": 14, "ini": 15, "rankvar": 1}, {"group": [1.0, 1.0, 1.0, 1.0, 1.0, 1.0, 1.0, 1.0, 1.0, 1.0, 1.0], "name": "CD19", "clust": 6, "rank": 13, "ini": 14, "rankvar": 18}, {"group": [4.0, 1.0, 1.0, 1.0, 1.0, 1.0, 1.0, 1.0, 1.0, 1.0, 1.0], "name": "CCR6", "clust": 4, "rank": 12, "ini": 13, "rankvar": 12}, {"group": [3.0, 1.0, 1.0, 1.0, 1.0, 1.0, 1.0, 1.0, 1.0, 1.0, 1.0], "name": "CXCR5", "clust": 5, "rank": 11, "ini": 12, "rankvar": 16}, {"group": [13.0, 6.0, 5.0, 3.0, 2.0, 2.0, 1.0, 1.0, 1.0, 1.0, 1.0], "name": "CD141", "clust": 13, "rank": 10, "ini": 11, "rankvar": 5}, {"group": [2.0, 1.0, 1.0, 1.0, 1.0, 1.0, 1.0, 1.0, 1.0, 1.0, 1.0], "name": "CD20", "clust": 7, "rank": 9, "ini": 10, "rankvar": 19}, {"group": [14.0, 7.0, 5.0, 3.0, 2.0, 2.0, 1.0, 1.0, 1.0, 1.0, 1.0], "name": "CD14", "clust": 16, "rank": 8, "ini": 9, "rankvar": 11}, {"group": [15.0, 7.0, 5.0, 3.0, 2.0, 2.0, 1.0, 1.0, 1.0, 1.0, 1.0], "name": "CD86", "clust": 17, "rank": 7, "ini": 8, "rankvar": 15}, {"group": [16.0, 7.0, 5.0, 3.0, 2.0, 2.0, 1.0, 1.0, 1.0, 1.0, 1.0], "name": "CD11b", "clust": 15, "rank": 6, "ini": 7, "rankvar": 13}, {"group": [18.0, 9.0, 6.0, 3.0, 2.0, 2.0, 1.0, 1.0, 1.0, 1.0, 1.0], "name": "CX3CR1", "clust": 18, "rank": 5, "ini": 6, "rankvar": 7}, {"group": [19.0, 10.0, 7.0, 3.0, 2.0, 2.0, 1.0, 1.0, 1.0, 1.0, 1.0], "name": "CD38", "clust": 19, "rank": 4, "ini": 5, "rankvar": 3}, {"group": [9.0, 3.0, 3.0, 1.0, 1.0, 1.0, 1.0, 1.0, 1.0, 1.0, 1.0], "name": "CD16", "clust": 1, "rank": 3, "ini": 4, "rankvar": 6}, {"group": [8.0, 2.0, 2.0, 1.0, 1.0, 1.0, 1.0, 1.0, 1.0, 1.0, 1.0], "name": "CD66b", "clust": 2, "rank": 2, "ini": 3, "rankvar": 0}, {"group": [11.0, 5.0, 4.0, 2.0, 2.0, 2.0, 1.0, 1.0, 1.0, 1.0, 1.0], "name": "CCR5", "clust": 11, "rank": 1, "ini": 2, "rankvar": 4}, {"group": [20.0, 11.0, 8.0, 4.0, 3.0, 3.0, 2.0, 2.0, 1.0, 1.0, 1.0], "name": "CCR7", "clust": 0, "rank": 0, "ini": 1, "rankvar": 9}], "col_nodes": [{"group": [18.0, 11.0, 5.0, 4.0, 3.0, 2.0, 2.0, 1.0, 1.0, 1.0, 1.0], "name": "CD38", "clust": 13, "rank": 19, "ini": 33, "rankvar": 14}, {"group": [31.0, 18.0, 10.0, 7.0, 5.0, 2.0, 2.0, 1.0, 1.0, 1.0, 1.0], "name": "CD56", "clust": 31, "rank": 11, "ini": 32, "rankvar": 4}, {"group": [33.0, 20.0, 11.0, 7.0, 5.0, 2.0, 2.0, 1.0, 1.0, 1.0, 1.0], "name": "CD57", "clust": 30, "rank": 6, "ini": 31, "rankvar": 3}, {"group": [6.0, 4.0, 2.0, 1.0, 1.0, 1.0, 1.0, 1.0, 1.0, 1.0, 1.0], "name": "CCR7", "clust": 2, "rank": 10, "ini": 30, "rankvar": 19}, {"group": [22.0, 15.0, 7.0, 5.0, 3.0, 2.0, 2.0, 1.0, 1.0, 1.0, 1.0], "name": "CD4", "clust": 18, "rank": 8, "ini": 29, "rankvar": 8}, {"group": [19.0, 12.0, 6.0, 5.0, 3.0, 2.0, 2.0, 1.0, 1.0, 1.0, 1.0], "name": "CD209", "clust": 20, "rank": 18, "ini": 28, "rankvar": 15}, {"group": [8.0, 6.0, 4.0, 3.0, 2.0, 1.0, 1.0, 1.0, 1.0, 1.0, 1.0], "name": "CCR4", "clust": 0, "rank": 7, "ini": 27, "rankvar": 2}, {"group": [20.0, 13.0, 6.0, 5.0, 3.0, 2.0, 2.0, 1.0, 1.0, 1.0, 1.0], "name": "CCR5", "clust": 21, "rank": 12, "ini": 26, "rankvar": 22}, {"group": [26.0, 16.0, 8.0, 6.0, 4.0, 2.0, 2.0, 1.0, 1.0, 1.0, 1.0], "name": "CCR6", "clust": 24, "rank": 25, "ini": 25, "rankvar": 29}, {"group": [1.0, 1.0, 1.0, 1.0, 1.0, 1.0, 1.0, 1.0, 1.0, 1.0, 1.0], "name": "CD3", "clust": 4, "rank": 0, "ini": 24, "rankvar": 11}, {"group": [2.0, 1.0, 1.0, 1.0, 1.0, 1.0, 1.0, 1.0, 1.0, 1.0, 1.0], "name": "CD8", "clust": 5, "rank": 4, "ini": 23, "rankvar": 1}, {"group": [27.0, 16.0, 8.0, 6.0, 4.0, 2.0, 2.0, 1.0, 1.0, 1.0, 1.0], "name": "CD1c", "clust": 28, "rank": 27, "ini": 22, "rankvar": 20}, {"group": [13.0, 8.0, 5.0, 4.0, 3.0, 2.0, 2.0, 1.0, 1.0, 1.0, 1.0], "name": "CX3CR1", "clust": 8, "rank": 14, "ini": 21, "rankvar": 24}, {"group": [9.0, 7.0, 5.0, 4.0, 3.0, 2.0, 2.0, 1.0, 1.0, 1.0, 1.0], "name": "CD86", "clust": 11, "rank": 24, "ini": 20, "rankvar": 26}, {"group": [21.0, 14.0, 6.0, 5.0, 3.0, 2.0, 2.0, 1.0, 1.0, 1.0, 1.0], "name": "CXCR3", "clust": 19, "rank": 9, "ini": 19, "rankvar": 5}, {"group": [25.0, 16.0, 8.0, 6.0, 4.0, 2.0, 2.0, 1.0, 1.0, 1.0, 1.0], "name": "CXCR5", "clust": 25, "rank": 29, "ini": 18, "rankvar": 30}, {"group": [16.0, 9.0, 5.0, 4.0, 3.0, 2.0, 2.0, 1.0, 1.0, 1.0, 1.0], "name": "DNA", "clust": 15, "rank": 21, "ini": 17, "rankvar": 18}, {"group": [23.0, 16.0, 8.0, 6.0, 4.0, 2.0, 2.0, 1.0, 1.0, 1.0, 1.0], "name": "CD20", "clust": 26, "rank": 28, "ini": 16, "rankvar": 32}, {"group": [3.0, 2.0, 1.0, 1.0, 1.0, 1.0, 1.0, 1.0, 1.0, 1.0, 1.0], "name": "CD27", "clust": 6, "rank": 3, "ini": 15, "rankvar": 13}, {"group": [28.0, 16.0, 8.0, 6.0, 4.0, 2.0, 2.0, 1.0, 1.0, 1.0, 1.0], "name": "CD40", "clust": 29, "rank": 31, "ini": 14, "rankvar": 27}, {"group": [5.0, 3.0, 1.0, 1.0, 1.0, 1.0, 1.0, 1.0, 1.0, 1.0, 1.0], "name": "CD25", "clust": 3, "rank": 5, "ini": 13, "rankvar": 0}, {"group": [17.0, 10.0, 5.0, 4.0, 3.0, 2.0, 2.0, 1.0, 1.0, 1.0, 1.0], "name": "HLADR", "clust": 14, "rank": 32, "ini": 12, "rankvar": 10}, {"group": [14.0, 9.0, 5.0, 4.0, 3.0, 2.0, 2.0, 1.0, 1.0, 1.0, 1.0], "name": "CD141", "clust": 16, "rank": 22, "ini": 11, "rankvar": 16}, {"group": [4.0, 2.0, 1.0, 1.0, 1.0, 1.0, 1.0, 1.0, 1.0, 1.0, 1.0], "name": "CD127", "clust": 7, "rank": 1, "ini": 10, "rankvar": 12}, {"group": [29.0, 16.0, 8.0, 6.0, 4.0, 2.0, 2.0, 1.0, 1.0, 1.0, 1.0], "name": "CD45RA", "clust": 23, "rank": 26, "ini": 9, "rankvar": 23}, {"group": [15.0, 9.0, 5.0, 4.0, 3.0, 2.0, 2.0, 1.0, 1.0, 1.0, 1.0], "name": "CD123", "clust": 17, "rank": 13, "ini": 8, "rankvar": 6}, {"group": [7.0, 5.0, 3.0, 2.0, 1.0, 1.0, 1.0, 1.0, 1.0, 1.0, 1.0], "name": "CD161", "clust": 1, "rank": 2, "ini": 7, "rankvar": 7}, {"group": [32.0, 19.0, 10.0, 7.0, 5.0, 2.0, 2.0, 1.0, 1.0, 1.0, 1.0], "name": "CD16", "clust": 32, "rank": 17, "ini": 6, "rankvar": 17}, {"group": [30.0, 17.0, 9.0, 6.0, 4.0, 2.0, 2.0, 1.0, 1.0, 1.0, 1.0], "name": "CD66b", "clust": 22, "rank": 15, "ini": 5, "rankvar": 9}, {"group": [10.0, 7.0, 5.0, 4.0, 3.0, 2.0, 2.0, 1.0, 1.0, 1.0, 1.0], "name": "CD14", "clust": 12, "rank": 20, "ini": 4, "rankvar": 25}, {"group": [12.0, 7.0, 5.0, 4.0, 3.0, 2.0, 2.0, 1.0, 1.0, 1.0, 1.0], "name": "CD11c", "clust": 9, "rank": 16, "ini": 3, "rankvar": 28}, {"group": [11.0, 7.0, 5.0, 4.0, 3.0, 2.0, 2.0, 1.0, 1.0, 1.0, 1.0], "name": "CD11b", "clust": 10, "rank": 23, "ini": 2, "rankvar": 21}, {"group": [24.0, 16.0, 8.0, 6.0, 4.0, 2.0, 2.0, 1.0, 1.0, 1.0, 1.0], "name": "CD19", "clust": 27, "rank": 30, "ini": 1, "rankvar": 31}]}}, {"N_row_sum": 10, "dist": "cos", "nodes": {"row_nodes": [{"group": [7.0, 4.0, 2.0, 2.0, 2.0, 2.0, 2.0, 1.0, 1.0, 1.0, 1.0], "name": "HLADR", "clust": 8, "rank": 9, "ini": 10, "rankvar": 6}, {"group": [9.0, 6.0, 3.0, 2.0, 2.0, 2.0, 2.0, 1.0, 1.0, 1.0, 1.0], "name": "DNA", "clust": 7, "rank": 8, "ini": 9, "rankvar": 1}, {"group": [4.0, 2.0, 1.0, 1.0, 1.0, 1.0, 1.0, 1.0, 1.0, 1.0, 1.0], "name": "CD40", "clust": 4, "rank": 7, "ini": 8, "rankvar": 8}, {"group": [5.0, 2.0, 1.0, 1.0, 1.0, 1.0, 1.0, 1.0, 1.0, 1.0, 1.0], "name": "CD1c", "clust": 5, "rank": 6, "ini": 7, "rankvar": 3}, {"group": [6.0, 3.0, 1.0, 1.0, 1.0, 1.0, 1.0, 1.0, 1.0, 1.0, 1.0], "name": "CD45RA", "clust": 0, "rank": 5, "ini": 6, "rankvar": 4}, {"group": [10.0, 7.0, 4.0, 3.0, 3.0, 2.0, 2.0, 1.0, 1.0, 1.0, 1.0], "name": "CD209", "clust": 6, "rank": 4, "ini": 5, "rankvar": 0}, {"group": [1.0, 1.0, 1.0, 1.0, 1.0, 1.0, 1.0, 1.0, 1.0, 1.0, 1.0], "name": "CD19", "clust": 2, "rank": 3, "ini": 4, "rankvar": 9}, {"group": [3.0, 1.0, 1.0, 1.0, 1.0, 1.0, 1.0, 1.0, 1.0, 1.0, 1.0], "name": "CCR6", "clust": 1, "rank": 2, "ini": 3, "rankvar": 5}, {"group": [2.0, 1.0, 1.0, 1.0, 1.0, 1.0, 1.0, 1.0, 1.0, 1.0, 1.0], "name": "CXCR5", "clust": 3, "rank": 1, "ini": 2, "rankvar": 7}, {"group": [8.0, 5.0, 2.0, 2.0, 2.0, 2.0, 2.0, 1.0, 1.0, 1.0, 1.0], "name": "CD141", "clust": 9, "rank": 0, "ini": 1, "rankvar": 2}], "col_nodes": [{"group": [19.0, 9.0, 3.0, 2.0, 2.0, 2.0, 2.0, 1.0, 1.0, 1.0, 1.0], "name": "CD38", "clust": 20, "rank": 17, "ini": 33, "rankvar": 13}, {"group": [32.0, 12.0, 5.0, 4.0, 2.0, 2.0, 2.0, 1.0, 1.0, 1.0, 1.0], "name": "CD56", "clust": 22, "rank": 9, "ini": 32, "rankvar": 2}, {"group": [7.0, 4.0, 2.0, 1.0, 1.0, 1.0, 1.0, 1.0, 1.0, 1.0, 1.0], "name": "CD57", "clust": 4, "rank": 4, "ini": 31, "rankvar": 1}, {"group": [31.0, 11.0, 4.0, 3.0, 2.0, 2.0, 2.0, 1.0, 1.0, 1.0, 1.0], "name": "CCR7", "clust": 23, "rank": 11, "ini": 30, "rankvar": 9}, {"group": [8.0, 5.0, 3.0, 2.0, 2.0, 2.0, 2.0, 1.0, 1.0, 1.0, 1.0], "name": "CD4", "clust": 8, "rank": 7, "ini": 29, "rankvar": 18}, {"group": [10.0, 7.0, 3.0, 2.0, 2.0, 2.0, 2.0, 1.0, 1.0, 1.0, 1.0], "name": "CD209", "clust": 11, "rank": 21, "ini": 28, "rankvar": 25}, {"group": [33.0, 13.0, 6.0, 5.0, 3.0, 2.0, 2.0, 1.0, 1.0, 1.0, 1.0], "name": "CCR4", "clust": 7, "rank": 8, "ini": 27, "rankvar": 10}, {"group": [12.0, 7.0, 3.0, 2.0, 2.0, 2.0, 2.0, 1.0, 1.0, 1.0, 1.0], "name": "CCR5", "clust": 10, "rank": 12, "ini": 26, "rankvar": 23}, {"group": [29.0, 10.0, 4.0, 3.0, 2.0, 2.0, 2.0, 1.0, 1.0, 1.0, 1.0], "name": "CCR6", "clust": 27, "rank": 26, "ini": 25, "rankvar": 29}, {"group": [5.0, 3.0, 2.0, 1.0, 1.0, 1.0, 1.0, 1.0, 1.0, 1.0, 1.0], "name": "CD3", "clust": 5, "rank": 0, "ini": 24, "rankvar": 8}, {"group": [6.0, 3.0, 2.0, 1.0, 1.0, 1.0, 1.0, 1.0, 1.0, 1.0, 1.0], "name": "CD8", "clust": 6, "rank": 2, "ini": 23, "rankvar": 5}, {"group": [30.0, 10.0, 4.0, 3.0, 2.0, 2.0, 2.0, 1.0, 1.0, 1.0, 1.0], "name": "CD1c", "clust": 26, "rank": 27, "ini": 22, "rankvar": 19}, {"group": [9.0, 6.0, 3.0, 2.0, 2.0, 2.0, 2.0, 1.0, 1.0, 1.0, 1.0], "name": "CX3CR1", "clust": 9, "rank": 10, "ini": 21, "rankvar": 17}, {"group": [15.0, 9.0, 3.0, 2.0, 2.0, 2.0, 2.0, 1.0, 1.0, 1.0, 1.0], "name": "CD86", "clust": 17, "rank": 22, "ini": 20, "rankvar": 20}, {"group": [11.0, 7.0, 3.0, 2.0, 2.0, 2.0, 2.0, 1.0, 1.0, 1.0, 1.0], "name": "CXCR3", "clust": 12, "rank": 13, "ini": 19, "rankvar": 7}, {"group": [26.0, 10.0, 4.0, 3.0, 2.0, 2.0, 2.0, 1.0, 1.0, 1.0, 1.0], "name": "CXCR5", "clust": 30, "rank": 28, "ini": 18, "rankvar": 30}, {"group": [17.0, 9.0, 3.0, 2.0, 2.0, 2.0, 2.0, 1.0, 1.0, 1.0, 1.0], "name": "DNA", "clust": 16, "rank": 23, "ini": 17, "rankvar": 28}, {"group": [24.0, 10.0, 4.0, 3.0, 2.0, 2.0, 2.0, 1.0, 1.0, 1.0, 1.0], "name": "CD20", "clust": 31, "rank": 29, "ini": 16, "rankvar": 31}, {"group": [1.0, 1.0, 1.0, 1.0, 1.0, 1.0, 1.0, 1.0, 1.0, 1.0, 1.0], "name": "CD27", "clust": 0, "rank": 3, "ini": 15, "rankvar": 4}, {"group": [28.0, 10.0, 4.0, 3.0, 2.0, 2.0, 2.0, 1.0, 1.0, 1.0, 1.0], "name": "CD40", "clust": 28, "rank": 32, "ini": 14, "rankvar": 27}, {"group": [3.0, 2.0, 1.0, 1.0, 1.0, 1.0, 1.0, 1.0, 1.0, 1.0, 1.0], "name": "CD25", "clust": 2, "rank": 6, "ini": 13, "rankvar": 0}, {"group": [13.0, 8.0, 3.0, 2.0, 2.0, 2.0, 2.0, 1.0, 1.0, 1.0, 1.0], "name": "HLADR", "clust": 13, "rank": 31, "ini": 12, "rankvar": 14}, {"group": [21.0, 9.0, 3.0, 2.0, 2.0, 2.0, 2.0, 1.0, 1.0, 1.0, 1.0], "name": "CD141", "clust": 19, "rank": 24, "ini": 11, "rankvar": 24}, {"group": [2.0, 1.0, 1.0, 1.0, 1.0, 1.0, 1.0, 1.0, 1.0, 1.0, 1.0], "name": "CD127", "clust": 1, "rank": 5, "ini": 10, "rankvar": 11}, {"group": [22.0, 10.0, 4.0, 3.0, 2.0, 2.0, 2.0, 1.0, 1.0, 1.0, 1.0], "name": "CD45RA", "clust": 24, "rank": 25, "ini": 9, "rankvar": 26}, {"group": [20.0, 9.0, 3.0, 2.0, 2.0, 2.0, 2.0, 1.0, 1.0, 1.0, 1.0], "name": "CD123", "clust": 21, "rank": 18, "ini": 8, "rankvar": 16}, {"group": [4.0, 2.0, 1.0, 1.0, 1.0, 1.0, 1.0, 1.0, 1.0, 1.0, 1.0], "name": "CD161", "clust": 3, "rank": 1, "ini": 7, "rankvar": 22}, {"group": [23.0, 10.0, 4.0, 3.0, 2.0, 2.0, 2.0, 1.0, 1.0, 1.0, 1.0], "name": "CD16", "clust": 25, "rank": 19, "ini": 6, "rankvar": 12}, {"group": [27.0, 10.0, 4.0, 3.0, 2.0, 2.0, 2.0, 1.0, 1.0, 1.0, 1.0], "name": "CD66b", "clust": 29, "rank": 15, "ini": 5, "rankvar": 3}, {"group": [16.0, 9.0, 3.0, 2.0, 2.0, 2.0, 2.0, 1.0, 1.0, 1.0, 1.0], "name": "CD14", "clust": 18, "rank": 16, "ini": 4, "rankvar": 15}, {"group": [18.0, 9.0, 3.0, 2.0, 2.0, 2.0, 2.0, 1.0, 1.0, 1.0, 1.0], "name": "CD11c", "clust": 15, "rank": 14, "ini": 3, "rankvar": 21}, {"group": [14.0, 8.0, 3.0, 2.0, 2.0, 2.0, 2.0, 1.0, 1.0, 1.0, 1.0], "name": "CD11b", "clust": 14, "rank": 20, "ini": 2, "rankvar": 6}, {"group": [25.0, 10.0, 4.0, 3.0, 2.0, 2.0, 2.0, 1.0, 1.0, 1.0, 1.0], "name": "CD19", "clust": 32, "rank": 30, "ini": 1, "rankvar": 32}]}}], "cat_colors": {"col": {}, "row": {}}, "row_nodes": [{"group": [18.0, 12.0, 6.0, 4.0, 3.0, 2.0, 2.0, 1.0, 1.0, 1.0, 1.0], "name": "CD38", "clust": 14, "rank": 17, "ini": 33, "rankvar": 8}, {"group": [23.0, 17.0, 10.0, 7.0, 4.0, 3.0, 2.0, 1.0, 1.0, 1.0, 1.0], "name": "CD56", "clust": 23, "rank": 10, "ini": 32, "rankvar": 7}, {"group": [25.0, 19.0, 11.0, 7.0, 4.0, 3.0, 2.0, 1.0, 1.0, 1.0, 1.0], "name": "CD57", "clust": 22, "rank": 6, "ini": 31, "rankvar": 5}, {"group": [4.0, 2.0, 1.0, 1.0, 1.0, 1.0, 1.0, 1.0, 1.0, 1.0, 1.0], "name": "CCR7", "clust": 2, "rank": 13, "ini": 30, "rankvar": 18}, {"group": [22.0, 16.0, 9.0, 6.0, 3.0, 2.0, 2.0, 1.0, 1.0, 1.0, 1.0], "name": "CD4", "clust": 18, "rank": 8, "ini": 29, "rankvar": 10}, {"group": [21.0, 15.0, 8.0, 5.0, 3.0, 2.0, 2.0, 1.0, 1.0, 1.0, 1.0], "name": "CD209", "clust": 19, "rank": 27, "ini": 28, "rankvar": 1}, {"group": [8.0, 6.0, 4.0, 3.0, 2.0, 1.0, 1.0, 1.0, 1.0, 1.0, 1.0], "name": "CCR4", "clust": 0, "rank": 5, "ini": 27, "rankvar": 3}, {"group": [19.0, 13.0, 7.0, 5.0, 3.0, 2.0, 2.0, 1.0, 1.0, 1.