"","SampleID","Treatment","MetaHybridLouvain","N","Freq","4G2","Axl","CCR4","CCR5","CCR6","CCR7","CD11b","CD11c","CD123","CD127","CD14","CD141","CD16","CD161","CD169","CD19","CD1c","CD20","CD209","CD24","CD25","CD27","CD3","CD38","CD4","CD40","CD45","CD45RA","CD56","CD57","CD66b","CD8","CD86","CX3CR1","CXCR3","CXCR5","DNA","E1D8","HLADR","Osmium","PD_1"
"1","1096_DENV_ctrl","Acute","t_cell_14",251,0.000740225193608701,0.0709265860145244,0.0193258293494608,0.106769464970895,0.0885383933470169,0.0319536882980973,0.685617056700728,0.0612636041232896,0.0798870827474419,0.0323784677157661,0.594345842211404,0.0444001584118839,0.101811970261446,0.151000710694424,0.199592969580015,0.13813356743648,0.0769897538677285,0.057177035977397,0.049392650414634,0.048547160976726,0.0351343236443054,0.199282193046478,0.758710223301241,0.768927082158975,0.460756020663818,0.691126817254004,0.0478589411721479,0.71068045659739,0.552202334256786,0.165552380272913,0.0895107664106033,0.0540436006853397,0.652337379700223,0.0351786025612216,0.174536022610616,0.213798020100472,0.107050303019366,0.902083586966127,0.169036621480441,0.0652108211706309,0.761419608557664,0.101127075710363
"2","1304","Acute","t_cell_14",594,0.00276573652867473,0.0460619896315151,0.0191413340063741,0.140488653922675,0.120041196927807,0.0500358128577439,0.618170402969666,0.0448424857852423,0.13343910588854,0.0187074561293571,0.406466937516533,0.0452403203975339,0.0838502055272713,0.136252004048084,0.171686278121866,0.178659666837525,0.061185724792475,0.0370546681649075,0.0446914754002502,0.0435126837840889,0.0256724181665555,0.204209129667218,0.656814062841701,0.828149478419232,0.391979206133832,0.711384200735808,0.0398301052087107,0.720994656794704,0.410034889947024,0.170861534097652,0.324266806698165,0.0383101883724791,0.645477205470965,0.0338226203996299,0.204058363829209,0.17335711347111,0.0526164336411764,0.958029682554088,0.0374511777813685,0.101652943390492,0.868513119026866,0.103600764656428
"3","1304","Conv","t_cell_14",854,0.00309998729513404,0.0505280844539229,0.0209887724080657,0.126849818408269,0.0920997938044953,0.0585417493561885,0.638220428659206,0.042665877405109,0.134125776878848,0.0229808142472513,0.440429683799476,0.0546264348595548,0.0905106828126283,0.212199758928357,0.215368392643776,0.188842371109198,0.0759436277384579,0.0455026794539939,0.042288926723888,0.0578552793075342,0.0374468760481142,0.219774797432751,0.709012851278418,0.83441488116522,0.474336516142694,0.712201432512345,0.0555644428019193,0.513213947121235,0.464689457104473,0.184747826031988,0.290312837105706,0.0377982300058557,0.647467728645144,0.0344817289665573,0.258556229033068,0.165746585201353,0.060248438129846,0.958550205336479,0.0355728777118034,0.098688943661344,0.876525435432479,0.115890748615146
"4","1369","Acute","t_cell_14",847,0.00141584340471056,0.0581066590932797,0.0204070213200157,0.114217458530527,0.0854911338767613,0.0740144352207095,0.64291580466595,0.0406953795564209,0.114048956214266,0.0228602166804778,0.432793149253924,0.0535991521206729,0.0908175384310331,0.190188746306352,0.195436944478969,0.234007416387797,0.0716759451837858,0.0443185399913413,0.0446791217133571,0.0570067707885938,0.0306553344083734,0.182492931872842,0.700255518734997,0.776669961319947,0.400529369009686,0.657402094607403,0.0502174578594114,0.778497502309362,0.428266491673213,0.197568583351979,0.322392528843456,0.0423438372717846,0.684391573377732,0.0321633939571663,0.200004716089934,0.162657261617055,0.0638348983063097,0.955846932462706,0.0455651618666553,0.0923486976010543,0.864811367904095,0.0840460898616857
"5","1369","Conv","t_cell_14",428,0.00117187713908648,0.0676594859892957,0.0193730587253751,0.0964202335906118,0.0859352089755477,0.066528678570182,0.642360213038618,0.0478807250398244,0.165583622575787,0.0240883241475171,0.385131858064637,0.0504236097335444,0.0929810507039862,0.257377301506895,0.211400947106006,0.229427734604306,0.0813623391379879,0.0429076940260366,0.0452031869827605,0.0667404072180383,0.0330276033865681,0.188368712248148,0.691646167155998,0.774165908167193,0.463166681182263,0.652330905819187,0.0611782765511949,0.530679372830302,0.460918163578093,0.223495367531083,0.419638357746989,0.0379153634309782,0.642909608195826,0.0401842971984051,0.257905461168834,0.128162530589453,0.0595907533581856,0.957385260340024,0.0461076181638326,0.110054798866127,0.873002777190982,0.101731225313802
"6","1659","Acute","t_cell_14",705,0.00242198128375314,0.0560220056215154,0.0250164427634127,0.107470398061448,0.0678803557525613,0.0494009597682853,0.60954988616445,0.0959918889202417,0.206750200787451,0.0223587495501305,0.42510200056462,0.059568632247593,0.0888166097847242,0.320179356660875,0.236523544261949,0.200812517642314,0.068767529823766,0.0437442750550101,0.0420614663277042,0.0630579204989321,0.0322093005573115,0.188518571161223,0.71386219320378,0.777705886911008,0.470251555320544,0.694251689809318,0.0831586017879338,0.691697195703765,0.439876063262791,0.292774104067125,0.314133770767129,0.045511984651357,0.514657942750054,0.0375310925814729,0.188257762739999,0.123374487342982,0.0440876401658924,0.957204509955274,0.0519964376299097,0.0902864069650243,0.889752442342668,0.0633508932681812
"7","1659","Conv","t_cell_14",269,0.00265416872224963,0.0413884595353645,0.0274172192951442,0.109929942154546,0.0798145418620268,0.0369952102292003,0.659012148138124,0.0514542661583965,0.127329202959644,0.0170936763105271,0.474280061365177,0.041968656087714,0.0907056911786282,0.154875701441839,0.196756710882054,0.231142337898254,0.0700970093865597,0.0351248895819124,0.0397502269597614,0.0544758827748636,0.0296238431420602,0.207530377093149,0.725988045263165,0.801267885915907,0.439607681885821,0.696230398592801,0.0550376307231278,0.408155808983769,0.422352317207465,0.206674831647577,0.253020706181583,0.0410814108274416,0.619000637196774,0.0329511049204784,0.199687468288396,0.152591216479587,0.068566611729784,0.958898908888475,0.049523335856495,0.107330260801433,0.893147641780614,0.0750628971985187
"8","1765_OFI_ctrl","Acute","t_cell_14",120,0.000917059601231917,0.0735765866436696,0.0231023415060374,0.0769236273934654,0.0945570927290189,0.0396563491882478,0.744461626853125,0.0948943893478361,0.202519766757749,0.0233308340220179,0.567761170329191,0.0533464900435676,0.117218990239839,0.144694666829979,0.202676069766201,0.174584387541175,0.0662589688982969,0.0583833098660412,0.0483133960073341,0.038592377713273,0.0384998870446535,0.210265622073359,0.826758688135002,0.739870483131711,0.548073596712893,0.701684204249271,0.0415151969724116,0.685641440759834,0.615782154740313,0.291835457690143,0.196162051954532,0.0388923832966588,0.504825450895715,0.0381230558109347,0.17674903366378,0.130841956494107,0.0545806996810006,0.906671763312899,0.16087623099743,0.112070123641595,0.761691401788354,0.0760849911412851
"9","1855_OFI_ctrl","Acute","t_cell_14",232,0.000955566172957477,0.0509578332373136,0.0184898385871906,0.0566024188981757,0.136283166803081,0.0436884784101332,0.708364883841712,0.0470196870820403,0.282252182248001,0.0248268376129646,0.504121467593985,0.0395769894501546,0.103498086064908,0.15167213619165,0.147781390753997,0.170066886144919,0.0788439217249369,0.0499559721673764,0.0523021876189226,0.0470839248391425,0.038256988430468,0.177260427287915,0.746544415072655,0.790432062672154,0.545937416929422,0.723563529513252,0.0484680619621097,0.653281882300469,0.567767511514871,0.202645893656708,0.38198486612888,0.0458140828651177,0.63913310387353,0.0345883393860673,0.176689025358344,0.1771142841543,0.0506579529500582,0.899165200646746,0.106407112541455,0.0701458316921795,0.76228130800538,0.102043229401086
"10","1857_CHIK_ctrl","Conv","t_cell_14",255,0.000645045418786252,0.0608916514481739,0.0149325940959417,0.0814521683277239,0.0708398392582167,0.0429827875584414,0.684872676441633,0.0757621611094788,0.264264644084932,0.0348089783761465,0.526248660054627,0.065000179857611,0.108841319911149,0.244795304275495,0.131296109216701,0.189077434307491,0.0861836705202027,0.0652259232806148,0.0445538142854332,0.0382776523303534,0.0309343968213415,0.199856314824539,0.728365214284902,0.783449185201949,0.483812329417864,0.723648955265765,0.0682963995219249,0.700871445883366,0.533329820316023,0.223356570437585,0.432443424049587,0.0732501640216115,0.580269080946477,0.0440109886603152,0.205281597245335,0.129108916010826,0.041232698238134,0.929977391734555,0.101330878639034,0.107236057801102,0.815542021554256,0.0585987712747783
"11","1879_CHIK_ctrl","Conv","t_cell_14",146,0.000355763490380984,0.0762978143290831,0.0302453787048201,0.0793265705838922,0.0948477688860966,0.0428615051998802,0.74833296903362,0.0378576259123278,0.0238190491517222,0.0272861304741103,0.625763734814223,0.0771211436188005,0.11672040703339,0.0889929766888265,0.146151255411899,0.285718138199856,0.075752443247955,0.0590223975791469,0.0350865326078491,0.0747779578671589,0.0484884059375689,0.222743223519518,0.849912162626649,0.806137207267657,0.520704451613258,0.745499798428569,0.0401117750554517,0.738111736509376,0.526631621896831,0.109334715992391,0.0252629116986627,0.0519675579750744,0.78850054256931,0.0408937234605727,0.10330735497791,0.317799359460726,0.0476204903694307,0.905437228306159,0.155932777652634,0.110665817670944,0.772495097956279,0.102099164454472
"12","1880_CHIK_ctrl","Conv","t_cell_14",330,0.00122123618707858,0.0492875451381231,0.0198340855707649,0.106369918721428,0.0936482914936751,0.0474716287435633,0.6639943380611,0.0581393337599876,0.23932422931358,0.0283474160214549,0.512163869064689,0.0467290749854393,0.110256404399447,0.187340968004713,0.163385638273509,0.282793904048361,0.0779814875460568,0.0533590011920701,0.0421176820665779,0.0598110337789871,0.0479150768757251,0.188128983764738,0.772521873115025,0.748743963397821,0.448232175013618,0.683200818159304,0.0520358712404944,0.725526047109676,0.508235136179837,0.251056212129995,0.371338917970725,0.0432125758098253,0.649616102074479,0.0420642559695268,0.212762095586907,0.194636845757997,0.0689160195556073,0.900159408040736,0.110979735107932,0.0848695488081218,0.760385308621606,0.105808474164838
"13","2007","Acute","t_cell_14",3659,0.00617159010791428,0.0457363647758116,0.0203851585896416,0.0980814368157885,0.109145262564717,0.041534959007667,0.480673205763037,0.0597917083840057,0.174066029925155,0.0181618334270896,0.351411074836502,0.0469109438667627,0.0780677234894281,0.139424947977831,0.176952258178455,0.132983345642149,0.0552830581174568,0.0303630749550565,0.0375062900972729,0.0560351114666734,0.0259118622864933,0.155882075905605,0.5217485945176,0.776537865000031,0.336239929467266,0.675863721391901,0.0412536305756071,0.481908625455952,0.34011766610807,0.187000959302356,0.413744459747544,0.0300845206233832,0.409317957070553,0.0288227650991909,0.226201482384561,0.135282310520821,0.035664915429122,0.922939111466639,0.0366346126407342,0.0968541008035878,0.85550969743613,0.141404913307462
"14","201","Acute","t_cell_14",661,0.00249488567309071,0.0600670104489632,0.0209846829129272,0.124809095401206,0.102591057190617,0.0429465808943351,0.658833776634451,0.0459290560441913,0.0953949734879516,0.0196126477270442,0.458010302108149,0.0590524427688699,0.09892570194388,0.172221548342515,0.170411966424661,0.234031871047772,0.0674328833588045,0.0417561659275675,0.0474488801745017,0.0481502205847407,0.0309698804574414,0.18234774650199,0.724288485849833,0.799137850269544,0.415175868477539,0.740504741496228,0.0470787657607598,0.605944522760881,0.448052187330355,0.181478467093681,0.193879382513187,0.0303594190262594,0.66018112613817,0.0306183075732301,0.178997842444206,0.130776437745216,0.0429903504475346,0.955801257343578,0.0376689761831866,0.0961815246297493,0.84867879002333,0.0830116336851262
"15","201","Conv","t_cell_14",766,0.0018687667115561,0.054974429933836,0.0240926897474501,0.125092281466895,0.0896670298619525,0.0549607704719366,0.63061168991619,0.0741600330006722,0.145289757529826,0.0270478609498691,0.43217354372512,0.0581942858477636,0.103206244172212,0.330576384934076,0.249328257163138,0.212261020966505,0.071682562452432,0.0416498598069317,0.0409253814822737,0.069691020781922,0.0383191129146316,0.197215210655644,0.711232238843878,0.788603456590909,0.489797062460761,0.730442525048167,0.0711692679851571,0.541605002697797,0.469411858821959,0.280255644284757,0.260164170553853,0.03517203109144,0.556124280306426,0.0350503378444977,0.259109224258209,0.175692791808558,0.0602699880569149,0.957481634600681,0.040994544227421,0.121033238106076,0.861823694779609,0.100407852763584
"16","2226","Acute","t_cell_14",116,0.000616309897618175,0.0660703062467798,0.0279154911790459,0.172402759937818,0.128929396023987,0.110292706498829,0.696511247914422,0.0959381548275035,0.1809302496934,0.0426323833604772,0.54013581410869,0.0847533646595976,0.134681050927543,0.351413261503471,0.207381866468451,0.254883739461229,0.110225184669092,0.0831731515221921,0.0757091841696395,0.0833921440318074,0.0437628066555494,0.23380133153946,0.757299909559166,0.769143221884966,0.479316687202483,0.688963447398806,0.0908097789806238,0.5702288464973,0.513980781425399,0.372837015497452,0.264676616023498,0.0679829476048917,0.611928150824874,0.0556242356516215,0.223095115469226,0.295183525893331,0.075281638154192,0.947672412788795,0.0678501320917961,0.141449045398136,0.882898479540135,0.0804728855525692
"17","2226","Conv","t_cell_14",50,0.000406861309116948,0.0589271391497167,0.0183009994829149,0.163335516929178,0.196122938095045,0.0964323876791009,0.653468026672038,0.100147549182006,0.263167025947656,0.024979809602347,0.441090122211608,0.111236667341046,0.0757257669343084,0.38818603548071,0.21704946008133,0.227099136633814,0.120772213529718,0.0826670060450394,0.0835299017165285,0.0975064433838036,0.0469423676687617,0.229527192466461,0.669698375842147,0.739187257141337,0.536556243009314,0.608165343641693,0.106868119867556,0.533360395994912,0.501312952466276,0.448083641023356,0.400557979870958,0.101425112326535,0.533318425011894,0.0493036850821565,0.279408415943249,0.2709693540564,0.0868060232733557,0.940912705842285,0.051247340632017,0.205091987977602,0.878266433567841,0.0831480567809138
"18","3758","Acute","t_cell_14",32,0.000129680661371373,0.0258538261025048,0.0292027239145085,0.0941408591702857,0.0667048792765687,0.0371012084996994,0.807566672976224,0.0166476272998549,0.0207910134112675,0.0294961143928179,0.626369812232882,0.0850915987774212,0.121380482101681,0.107806112476367,0.111581911495329,0.256098350587936,0.101344709093589,0.0673673901512909,0.0454134105496332,0.0483191289398082,0.040639686000724,0.190217711913075,0.741190152099296,0.826951931329158,0.353297247591942,0.743967028671962,0.0505393723924232,0.528762164540263,0.497323691214286,0.198400658708601,0.0377998393653401,0.0567739740501294,0.765491569092996,0.0229901410540228,0.0832784578937268,0.286465302739718,0.0634762121145262,0.954991581272399,0.0814710536650451,0.0863426597536549,0.867278506316063,0.0596757400011286
"19","3758","Conv","t_cell_14",14,7.82761358426426e-05,0.0402839231371819,0.0195079174163235,0.0575693355904698,0.173534135090254,0.0410309915630711,0.815086049380409,0.0203793621090704,0.0084706075026138,0.043783873358641,0.638988942792005,0.0903443572204422,0.0861694710248871,0.138373907860463,0.0949872393116126,0.238950481677255,0.0694793706670777,0.0691430779343979,0.0844622638514027,0.013201417186628,0.0417155794296511,0.155720129230662,0.755929043854917,0.822187711969868,0.387236189599398,0.742524519406451,0.0641239510365356,0.56108493256684,0.51282387431934,0.158012027803368,0.0424154720904583,0.0743894111454021,0.75492994060507,0.0298878999808218,0.146132991868367,0.244819512372145,0.00890787267411355,0.950551345524623,0.0327795899140695,0.0724288992086741,0.874704593489548,0.101233482270249
"20","4041","Acute","t_cell_14",608,0.00155794371928314,0.0556254145361279,0.0282980968637503,0.289521678159593,0.157293156367361,0.0574191091957452,0.582235847617486,0.122994716676059,0.0996779205282782,0.0319004882483389,0.506673416495195,0.0800975142080419,0.0905310672847326,0.210976725968776,0.288581849730538,0.229398478885647,0.0906227476643625,0.0552407120729688,0.0733187247178816,0.0831329648938748,0.0349825222787199,0.235380132489076,0.666722111668769,0.734139221885746,0.38057138558326,0.443580603824419,0.0650572034620039,0.661657651201409,0.358977503348292,0.235766830456539,0.111416694472085,0.0510754626563749,0.664867512168921,0.0364891418749608,0.198409697255018,0.187230663935218,0.0469336736393522,0.90769660196286,0.0584278732551228,0.139545126415834,0.845743933193599,0.0844003865659325
"21","4203","Acute","t_cell_14",169,0.000510833293030904,0.042080624987596,0.0251833272208067,0.121510971737652,0.11280901043203,0.0622091740285258,0.796218898511747,0.0415363861105007,0.0161329996739432,0.0399357726602589,0.629752447546522,0.104442317807854,0.133157405019152,0.14327240154613,0.156033553064436,0.279726592633284,0.106576373539328,0.0681286824646077,0.0825166630414257,0.0649489584175288,0.040312453395773,0.223542552064703,0.811313664840183,0.818682536507594,0.449121199858266,0.752668824315145,0.0484148662380242,0.599261686445403,0.524823389957426,0.187586509070551,0.0272061469626064,0.0744539911156799,0.798049522732654,0.039076226993343,0.126169155391937,0.314283317949091,0.049573734711684,0.953933410949219,0.042271531262095,0.158001935247299,0.869617109024545,0.0657659181407449
"22","4203","Conv","t_cell_14",69,0.000443689957174274,0.0575616788174519,0.0154563676449706,0.0784171724775229,0.105436904230733,0.0594090610118382,0.820208936268203,0.0372550496860894,0.0098339019341717,0.0363135558360069,0.661022470308345,0.0846315468614154,0.130665472555911,0.125534829435779,0.164355608857885,0.260048825079624,0.119110812991824,0.0629678674606354,0.0882175363036982,0.0621672802932332,0.0353123211150201,0.255730132120186,0.829556286935186,0.824867669811407,0.470437421366278,0.741237060408121,0.0431870533245338,0.517054382553759,0.514057496643954,0.17823620917512,0.0215008101864635,0.0885487985509185,0.78383745755715,0.046970387920177,0.131746761575603,0.281381058891745,0.0513626278641837,0.951280862465017,0.0484754365568907,0.1385947970794,0.870617658067643,0.056431217185548
"23","4445","Acute","t_cell_14",80,0.000241317836706253,0.0499077519989308,0.0251211965706836,0.119760300357132,0.0871663821995933,0.0595150660710305,0.789263628392033,0.0375754911354336,0.0196458622896264,0.0360009278860718,0.63611432916874,0.0864903624338557,0.140547729689438,0.162058790953215,0.142078218208627,0.266948676166675,0.112426161671686,0.0827924674062338,0.0880518999145558,0.0812541602042157,0.0484905401175784,0.232344702285076,0.818978079629167,0.839956556969399,0.468706115635844,0.763897190482193,0.0555575125734715,0.619564009403788,0.527356260651697,0.175229335110458,0.0202973733650832,0.0784312617501279,0.791627639844163,0.0335218308582158,0.114803877147406,0.342975931796448,0.0564776678578049,0.949108820071283,0.0425394269273194,0.152645041619399,0.859090987686028,0.0865794707315457
"24","4445","Conv","t_cell_14",19,0.000139255350337145,0.0123990398164484,0.0215527863410344,0.170588538900714,0.0496462573677203,0.0851973736920822,0.806933463075877,0.0237855999377033,0.00558594852705474,0.0688955325896247,0.703690395033357,0.0742823984600969,0.150412095268064,0.128878527386886,0.107603096696301,0.289020811851489,0.0790509709138806,0.0788223929361798,0.0670514953367667,0.0510847978721686,0.030897707002729,0.337775075329699,0.803971566886701,0.83396990630393,0.469866572738346,0.754983919782037,0.0674218206369574,0.475670269129222,0.511224436392159,0.193196696572469,0.0390869164209014,0.0574483596244306,0.787449992992381,0.0386939722052077,0.116116580539549,0.390263854914006,0.00982287943366062,0.948667660817798,0.0465235480603855,0.149240657083203,0.859534849933996,0.0324738493266508
"25","4749","Conv","t_cell_14",170,0.000460066249539934,0.0392466883922594,0.0397807610720735,0.094088689430475,0.0727935455436338,0.0732787903773952,0.819782754101732,0.0255776232755943,0.0151308783055212,0.0373767344219733,0.67134382569873,0.0938411022633565,0.113473206058206,0.115384929305589,0.168934621262443,0.29650355806977,0.104178396576379,0.067621138023969,0.0711220480268378,0.0633631321513606,0.0345294549566995,0.231967162182156,0.793829848599246,0.809579575742631,0.445835570215179,0.780152434731785,0.0403800307946554,0.621458339192798,0.530058879126822,0.153595819140537,0.0275040547224163,0.073257855600835,0.781545090214818,0.0382257418665663,0.165166819106171,0.291777296338747,0.0800595647489053,0.951904754666622,0.0306649053569674,0.141519872412186,0.867130502445684,0.0537479424717125
"26","4772","Acute","t_cell_14",97,0.000326014257242054,0.0391673467150044,0.0291480254136027,0.0793833152593577,0.0719626119177112,0.0406830849102328,0.810406424980852,0.0191256233441475,0.0185318298896672,0.0415927520143529,0.705691737597147,0.120827924097009,0.145987603596246,0.153631384754868,0.146182504945765,0.384495910641912,0.127005135954774,0.0674340872388151,0.0973856765316785,0.0674837206710063,0.0577560339423561,0.210208709664012,0.835985590836891,0.842045214059479,0.487186638769013,0.767430684104548,0.052295284660744,0.635831221147387,0.528504458699236,0.17451931013655,0.014407857795392,0.0769970241196039,0.802966779586045,0.0363524160167737,0.158018785283866,0.415506177574349,0.0521715106888359,0.955571167888559,0.0347742525836111,0.171863844241948,0.873120592203485,0.0574026881435556
"27","4772","Conv","t_cell_14",1,5.79945485124398e-05,0.0189685047024966,0,0.082160361158419,0,0,0.885279245245624,0.0251895541234898,0.132274551415505,0.019242013423528,0.667340056848078,0.227074675192953,0.0774679670843295,0.165974915154127,0.0969906559142728,0.429042300092811,0.165560253943595,0,0.157370268896827,0.311506093723919,0.0773738958628741,0.0970647846678459,0.754678700915163,0.851405170350249,0.504974240588481,0.740770335589557,0.0212468794146466,0.821978344396902,0.604544883686661,0.0199579801929385,0.0933196190760453,0.0375109205804581,0.807602169233627,0,0.0994743196915745,0.410920405879007,0,0.964674469784765,0.358404720888277,0.246640363676653,0.865938917426058,0
"28","4797","Acute","t_cell_14",90,0.000267150307668104,0.0470609872251565,0.031055954201232,0.0640474296144301,0.0646998273808562,0.0394124474849676,0.802205061505887,0.0377588398508365,0.018469575938177,0.0373837501306489,0.633069730812394,0.0768729387971389,0.155629434344338,0.165657343443102,0.115237732135168,0.303579143458304,0.116941495368538,0.076391322040012,0.0942710836707041,0.0815099058271749,0.0481805789021408,0.260119413765456,0.855285247109055,0.855713038879237,0.540016985590463,0.780125389034432,0.0506444050850173,0.650509493542065,0.523834645555509,0.166509734946137,0.0194618761539847,0.0730252049727484,0.827317536592682,0.0311931127227835,0.161201584797668,0.420396771928539,0.0349408845713514,0.953401043383078,0.0456089031392174,0.15902383042267,0.867797292035996,0.0698609524913827
"29","4797","Conv","t_cell_14",20,0.000135201822520568,0.0867301107460795,0.0371631954283992,0.0245452518881736,0.0776878923604221,0.0606416446915324,0.821687932694407,0.0207513786358783,0.0294424216877985,0.0407533885465642,0.630665607352974,0.0658244002316214,0.122622692651941,0.136557531345925,0.151838530804571,0.313572683992152,0.103482560316042,0.0419462401652956,0.067113209346264,0.0724064321857404,0.0356884302539056,0.297054470701653,0.847912726662801,0.872640470099665,0.511541420816639,0.77138454178016,0.0398286027184125,0.478344063139931,0.512990387146109,0.155909773488304,0.0437708901504165,0.0483319148051762,0.805067500338231,0.0333333295741136,0.116721599306827,0.300422610512329,0.0499311856838035,0.957924368952186,0.0254789257925585,0.150318795681954,0.870777589094293,0.057783209858068
"30","4858","Acute","t_cell_14",43,0.000225866434146803,0.0586106351361713,0.0271365540786273,0.159186073676499,0.273550367359795,0.122399714335276,0.717845507373078,0.0543055431158855,0.11083410718659,0.0188070075068666,0.556355535540032,0.0760873745798932,0.109857533684054,0.172691071512903,0.177456052886947,0.333975009892,0.123308095135632,0.0675379600031107,0.0627875594746889,0.0594702203687573,0.0269264976998413,0.234368849831564,0.757985227607776,0.824980023238175,0.495531748856411,0.733784445413423,0.0767465095494935,0.579067992411866,0.458961259039893,0.216843840548924,0.216407643540132,0.0747160413572892,0.752693297083272,0.0743252718570004,0.255227798390009,0.328978985813512,0.0542195303195851,0.94721376291977,0.0344522644125215,0.210956915512367,0.870398874960567,0.109447341313681
"31","4858","Conv","t_cell_14",150,0.00165795320150763,0.0400410656921915,0.0284217394572782,0.144000134658539,0.192590182192768,0.0685138612571626,0.738016826425409,0.0356998272633912,0.0897919044195421,0.0277035873745568,0.522523890752846,0.0729114110017052,0.0861369997134158,0.144991836593771,0.125220591476424,0.203087960964162,0.0922864919335801,0.0636963185131744,0.0756963602087357,0.0728940685050468,0.0331219068841814,0.210932108848267,0.715853630135041,0.814976943453995,0.475064572800775,0.70796059758742,0.062389742651988,0.511012554917309,0.415799717626899,0.178979441642426,0.227932488476932,0.0424592015009483,0.659254583915358,0.0506042429353164,0.245162704323611,0.227373277034505,0.0563264300917943,0.950144710515786,0.0332930609141309,0.185797745901373,0.863086939530527,0.0950822036802646
"32","4948","Acute","t_cell_14",188,0.000571376470230678,0.0370850533024375,0.0263944248583617,0.106757997757398,0.101709151803054,0.0751907326458074,0.727044842920171,0.0844849381992227,0.134639405167327,0.0420283061958415,0.57825543598801,0.092850741144009,0.140918156572719,0.209560937322034,0.195643488780803,0.276755366755015,0.127970236457916,0.0692013063601022,0.0956971874486635,0.0728971780422329,0.0392920627395413,0.24396388628199,0.761588465876494,0.816522624619235,0.496025504967677,0.725433240128841,0.053500914229975,0.626757230114481,0.478663340481664,0.267198645793512,0.223129877109771,0.0483458330516787,0.741951025919279,0.0520105814758511,0.23508876562949,0.211839194635484,0.068539228326475,0.954534421995238,0.037939573289426,0.177276809349984,0.85502747229688,0.0690021434865319
"33","4948","Conv","t_cell_14",63,0.000343890217142109,0.0447580270972273,0.0269490014937089,0.112163749851525,0.12693813202406,0.066944848055601,0.648982165895247,0.0918375404535436,0.228545033295444,0.0312684315095827,0.489381640592185,0.0987149389412915,0.141307954425206,0.284830469279834,0.211047536952775,0.257922891545987,0.118389022125242,0.0670724422227767,0.082632935794105,0.050452164536979,0.0387041843721767,0.250778879876465,0.753692835697433,0.813873696033068,0.584247874180265,0.705638277756853,0.0932884113952003,0.527628348767936,0.468239433401779,0.309938433648636,0.410646022288477,0.0666225823440248,0.736592284490375,0.0388089271771747,0.40833016908083,0.171453294609525,0.069899424789443,0.952628712839938,0.0175737162377687,0.17749450303046,0.862452519211017,0.0729914409281087
"34","5138","Acute","t_cell_14",41,0.000164554218608273,0.0755205558056096,0.0128797103947093,0.107642922552128,0.16983527919024,0.0691775932291593,0.634939335009869,0.0845569088928901,0.400619692588284,0.0185814026294759,0.383719306494441,0.0563992612594999,0.107668349530881,0.36272464111929,0.326223943993359,0.173739642369386,0.0611673084945382,0.0583013216432283,0.0487837409487292,0.0758484932921287,0.0604600280318408,0.197615233141729,0.700817016506296,0.73384244195157,0.49620430931392,0.574275391736373,0.0841075134777085,0.70012910214513,0.570784238087721,0.320775888489147,0.557004291123553,0.0633136776509388,0.523091547360939,0.0417149500323529,0.3403188723279,0.17372270820693,0.0777264292409475,0.897562931602834,0.185742029354364,0.102751160307278,0.750350298514228,0.0512877496398619
"35","5138","Conv","t_cell_14",182,0.000725385709901515,0.0622083229971214,0.0220921425351042,0.0653743406749662,0.0994758451648824,0.0427275271028236,0.646565720515863,0.14500256474501,0.364698902313556,0.0234291898830212,0.39968292858673,0.0544080302514923,0.08465163310366,0.387632738031199,0.306305750823823,0.1509860056989,0.0893770017607929,0.0415927898294135,0.0541581608613646,0.0949037788647851,0.0494371459402711,0.169513520669696,0.67373533439272,0.73846265143448,0.575953466603922,0.511292704904255,0.0799866219527582,0.687521594331282,0.578878984590474,0.333291634743963,0.525834509146233,0.0371696141143322,0.49736033297264,0.0335456711015565,0.341511980461038,0.137798038395286,0.0618130227737908,0.904179781705449,0.124597513803332,0.092770422452408,0.763015818430699,0.0649055989522382
"36","5329","Acute","t_cell_14",226,0.00073951185673103,0.0325372076581552,0.0199120692091192,0.0922030036137252,0.0838992951615526,0.0611164871724011,0.786924521332198,0.0611533912830363,0.0624453344760668,0.0356174556510848,0.634650467069478,0.092586515383025,0.137600848469858,0.266568830457399,0.226965494094365,0.263302356323591,0.105757990503704,0.0792000816826207,0.0860141464370054,0.0851124019389352,0.0378851566736116,0.221827150257441,0.810495599820515,0.814783294508131,0.549367122305466,0.747226819908253,0.0639316443764284,0.618993070525855,0.500386680880589,0.247254630564265,0.0547474055679304,0.065559534793689,0.758187756756163,0.0461005179847586,0.17270611332851,0.28226575953892,0.0548967122925117,0.95397662295718,0.0506443130584978,0.155766986733598,0.88014410913369,0.0589486961027597
"37","5329","Conv","t_cell_14",33,0.000350140056022409,0.0795594510961502,0.0326536718750065,0.0989126127354224,0.061112048755779,0.0518714872790405,0.781493745138859,0.0666527108245934,0.0902048774767662,0.0398758517889641,0.632150129249682,0.0910274216021411,0.106200385812071,0.213253798065039,0.226869502425719,0.209530488029495,0.0990190424077035,0.0773390438727497,0.0545154666411528,0.0876269866993616,0.0382836634163111,0.218404704379303,0.806947151192093,0.814624351755461,0.546603118869471,0.713930924069656,0.0658146486132536,0.450874305793003,0.505638529551849,0.212222239395903,0.0365749816055765,0.100504615270437,0.71815897373603,0.0625880897931091,0.191476881332073,0.203760365967264,0.0328826043792199,0.952136180619917,0.0518603202198546,0.150952194334228,0.876889634669005,0.0643407412491758
"38","5355","Acute","t_cell_14",22,0.000348421019289855,0.0803075735849568,0.0398747494540163,0.0909690756357804,0.117043877214671,0.109555463930041,0.718276629982627,0.0491210925420538,0.0391004322258175,0.0701884688508782,0.407422052877275,0.251594831190446,0.149860948540537,0.243914189919691,0.140794011583223,0.220049728023061,0.183034390532038,0.119032163913398,0.223699404428435,0.0894136503651151,0.0375051684968487,0.246336801716397,0.720194660331636,0.819316635079117,0.417647524007118,0.646630346537317,0.0862396448279215,0.499799636259021,0.463352037221541,0.138310266617024,0.123067035383633,0.0851837940547536,0.623534900783235,0.0693663283534739,0.191736814180198,0.149862649366384,0.0849263195115422,0.898097818810341,0.0196084331215998,0.26021375366548,0.818447659433158,0.0614298802345682
"39","5355","Conv","t_cell_14",63,0.000431793725968623,0.0499573208105824,0.026311594158609,0.0816901536593401,0.148171180202321,0.0948966198417251,0.742444636809472,0.0482212263384873,0.0328520324503052,0.0551725985927079,0.451889299276261,0.207894573445801,0.116946706178035,0.23287825159308,0.130080422407656,0.169709719872764,0.214704776271054,0.0790895722294693,0.239208013738804,0.0293155415242452,0.0540888176573576,0.198630925981582,0.708300256489234,0.796737444425948,0.435086642614909,0.676168144340475,0.0804426483420854,0.482905794669321,0.468407288707938,0.149402140390195,0.0736138116769508,0.0727560736454792,0.596216253675516,0.147287389100474,0.20158324323659,0.136323572041967,0.097967123177451,0.871415598139887,0.0331709401093174,0.240768617480116,0.798476352690904,0.0684005037714677
"40","5406","Acute","t_cell_14",171,0.00140805638812951,0.0530101294833919,0.019933224203074,0.133338318071175,0.0939640402277798,0.0534150058899523,0.709976985818134,0.105175642448661,0.224362914364357,0.0429619142933109,0.499542327406462,0.087476805994244,0.104575536480152,0.369370642714921,0.215516516247981,0.184026781524582,0.119896408659309,0.0686316710043168,0.0609400235634348,0.0719245145361589,0.0385604160211517,0.220783365368929,0.719810257258803,0.779763351036566,0.522179827396212,0.611665481575303,0.0907160808009808,0.58449643513064,0.489768165927237,0.374376589116209,0.326252838445278,0.0857786409551765,0.597517780851397,0.0319525635661431,0.214623490179749,0.232141519626285,0.0810253634132303,0.952745207548843,0.0370194601055806,0.106689762064302,0.872746361760588,0.0681076577268413
"41","5406","Conv","t_cell_14",48,0.000997838017628472,0.0805544521707781,0.0269623038608738,0.0796805974196089,0.0986485379250843,0.0755850701936506,0.747580081834808,0.0853924974200433,0.27428502336603,0.0499013916529868,0.458022513169851,0.10808849448715,0.116733523039739,0.437490651067854,0.188785242681987,0.176129390102605,0.0903480419927708,0.0675509732106832,0.0545229393739778,0.0969993507398206,0.0485611051666483,0.216937672988461,0.693463382491212,0.787237076333534,0.598103915671746,0.647419721367905,0.0901854543111428,0.551891631988421,0.486525524578422,0.414090251542847,0.417172601397632,0.106701966108483,0.485884143195709,0.0505875909256337,0.315233366015164,0.114406086905341,0.0314558829615815,0.949324334296059,0.0434171380871683,0.0932843872145934,0.872754691012347,0.0535537127862521
"42","5660","Conv","t_cell_14",1,0.1,0,0.0546977240681382,0,0.0814451987000573,0.0951422350843845,0.756364943881521,0.120321436376072,0.375313099194394,0,0.505080505620254,0.202519785329385,0.0395660671193527,0.345613776569097,0.015864736562085,0.514681723086149,0,0.102884120673611,0.110227850122857,0,0,0.23005644036753,0.751096492068451,0.830631736715157,0.516451085967116,0.213021234723873,0,0.519805052938672,0.492962144219046,0.159642472371213,0.682472140689702,0.0710237973731658,0.90804210688654,0,0.138201435368383,0.292628431978098,0.0466959258034535,0.99236521258438,0,0.246529956357612,0.877000703419226,0
"43","5893","Acute","t_cell_14",136,0.000588324357060974,0.0512372211536553,0.0331165232125886,0.0890695980154435,0.0825952057180186,0.0560941230367921,0.755032572106647,0.060236262148848,0.177789055918558,0.0452913760274375,0.555430700512309,0.10826668221877,0.119322629459525,0.338752254545421,0.230155549854606,0.224790719416956,0.114505294871012,0.0735595659796996,0.0532398794217288,0.0929585165209025,0.0402907927369621,0.268353740085912,0.764571350765986,0.824061460520827,0.587717285873663,0.770282139989983,0.0765915374004296,0.562100489696599,0.513692951783198,0.272317445968374,0.250746738668882,0.0776742081821389,0.581883946230616,0.0446709402915059,0.261393298312831,0.271099240333978,0.0607191386031545,0.952161662232896,0.0467970558116213,0.107606147308714,0.875184753959458,0.0658891524687761
"44","5893","Conv","t_cell_14",3,0.000234594932749453,0.000387209780676912,0,0,0.115475792604712,0.0927237499410664,0.739390195688941,0.0877055437264584,0.196013559862084,0.112710556499511,0.61955730057375,0.107201477942039,0.0430776832366073,0.164472850785333,0.257352783671021,0.110089664844629,0.0601717210866209,0.0403050998714588,0.0365165666850473,0.114389714220287,0.0267953794454199,0.150082646180816,0.740825227235758,0.815961075723456,0.530247174266088,0.748457141899172,0.102961345802384,0.549180013973924,0.435749022542884,0.339192431098341,0.285866156435685,0.044157648371232,0.482409992674385,0.0605426371854686,0.169687526379289,0.258228672912992,0.166413647326266,0.972154821387391,0.0352636136792737,0.18165035411324,0.869255314548941,0.13251750452812
"45","5953","Acute","t_cell_14",9,0.000432629909147719,0.023728330090354,0.00331378575638042,0.00962282889085627,0.110084787928592,0.029867931592033,0.777214311233241,0.141657990021189,0.238813876984134,0.0120028954012044,0.558415722443749,0.0580711826343549,0.0994147442261382,0.285525024200387,0.232486210944704,0.0282579462794301,0.0347871451709353,0.0446888785420726,0.046786627116667,0.0265623024365606,0.0449290182626861,0.215264031153184,0.645550348798949,0.774972700163159,0.519228301403355,0.774607164547203,0.107240903171978,0.574327236630716,0.498892260373654,0.433857489739013,0.443356091007776,0.0523555747583883,0.189979815931947,0.033852772863145,0.284858204507264,0.0358813327680064,0.0307697846286219,0.952724295959224,0.0241730562924723,0.111807202464723,0.878048216573193,0.0130840285414306
"46","5953","Conv","t_cell_14",68,0.000812318572230651,0.0588756636303977,0.014302202300277,0.0888676949578995,0.0991733358071675,0.0611019190842644,0.674886229866236,0.219193370200874,0.340291527465701,0.0515360342845887,0.448470040634955,0.113589377854689,0.110409187930667,0.574930673701006,0.458287579339468,0.168080145070738,0.0997995031136287,0.0718750354761135,0.0885154401618323,0.142129479002825,0.0465090967497158,0.26795883739669,0.640813474522911,0.757697595969665,0.659918222321642,0.616103593046276,0.108812336563591,0.543725338081984,0.500769988890955,0.475648693330786,0.260051550622146,0.063724631980763,0.420319226048583,0.0350308989239517,0.338283947167756,0.156849465835962,0.0711849367739818,0.944533699403384,0.0458446287629194,0.105366075483132,0.879328235747552,0.0586737168569475
"47","5962","Acute","t_cell_14",36,0.000100776821331094,0.0417837123717652,0.0276881032522779,0.095964807965701,0.0983999577229826,0.0226960629519154,0.834520950490662,0.0469427436570191,0.0252971140474052,0.0955378500783576,0.655614625837229,0.177591356521472,0.145841180271885,0.151057970851483,0.113503089403874,0.29425442927013,0.121343635562271,0.0853898339465286,0.056890038101799,0.0616757935582053,0.0394650835514216,0.263262545323536,0.771923416080903,0.837267309629501,0.455072436320607,0.807251929288102,0.0325976808589448,0.687948257110093,0.488047381354334,0.266978714354817,0.0858446565960213,0.13557999308711,0.792477129847972,0.0381418528914163,0.163909416650026,0.335673443750316,0.05320795128491,0.95701761606168,0.0379601697539992,0.159371795360817,0.876214044558501,0.044793157774093
"48","5962","Conv","t_cell_14",34,0.000131422298498693,0.0521601801786976,0.0174651040956795,0.071995395604269,0.15096573418848,0.0405340812948938,0.869684984850113,0.0426002457281854,0.0279454153101904,0.0816640401516053,0.677210063146341,0.169886551103388,0.153767180212291,0.154802490714463,0.101921776331206,0.334686868829543,0.133089158331383,0.0985023749409099,0.0844963474522504,0.0515740536957938,0.0473564719361714,0.207235470397306,0.789042392972821,0.838808791383578,0.462623032372323,0.800917062816096,0.0268403105208371,0.618833905827578,0.562194804406377,0.277582885518103,0.0800859728302468,0.152813757951339,0.807891159795133,0.0324500717509922,0.155380074269719,0.253978001468463,0.034667457708047,0.951996209602227,0.0443665302291047,0.142192178450452,0.875070618956867,0.0490907408919488
"49","6215","Acute","t_cell_14",141,0.000316837556710552,0.0720685580807191,0.0310715867271357,0.0630622087213166,0.145891618644129,0.0491731401312997,0.763323916620531,0.0946182564083501,0.169942512762327,0.0621651475770919,0.568547795601879,0.139585883386776,0.130719454640934,0.382255800654175,0.177368530276774,0.178789689940136,0.102457782860395,0.0686969126904788,0.0669346893194356,0.0577777298984882,0.0385224912035708,0.209913063258499,0.7515232966086,0.799611442389087,0.536452168714876,0.774964345337198,0.0948969921870387,0.694816391553267,0.488856720867907,0.372993602781712,0.320115040729618,0.109620613063208,0.516507656147427,0.0335489633821878,0.275134736616359,0.176318827448134,0.0531457140461256,0.953301397163622,0.0486720563659288,0.164298963672161,0.874849844736805,0.0477824152319173
"50","6215","Conv","t_cell_14",84,0.000282395656485855,0.0582650850609152,0.029080133269283,0.0729402658508766,0.148769254005801,0.0452152235147776,0.763906777333032,0.0927997180796682,0.198301923654472,0.0630766309669505,0.549037475683173,0.154471990987821,0.10965976724961,0.386717251528841,0.194479367954749,0.185802576713224,0.13368323613866,0.0747755726066147,0.0723186990760898,0.0511445883498065,0.0363933006391761,0.212972179321193,0.745879444736243,0.8109653010246,0.550746310933704,0.783004443996831,0.0874064606435276,0.67860213642619,0.489267851551676,0.361829094737654,0.394804622142142,0.100766413052104,0.499356675341114,0.0468349225944456,0.286721658181017,0.169895569404477,0.0367855631915786,0.947977161105162,0.0296852961785605,0.17841240834364,0.878785319960449,0.0942788338672453
"51","6248","Acute","t_cell_14",67,0.00041909051104022,0.0528377469050548,0.0349746558181261,0.0676645663289063,0.0780055584325426,0.0354569374476624,0.686088907817442,0.125485482499503,0.242394552730354,0.0489784431481476,0.4887167017082,0.13044996242862,0.122555529839815,0.422211127828711,0.295158307894595,0.173487681892151,0.101758775386421,0.0918342697446375,0.0609260268833282,0.110000924696943,0.0450832867851457,0.239601165474179,0.730394442415987,0.768781963694528,0.561970425486458,0.671351264204809,0.0730399744893797,0.627265826267135,0.513576275198228,0.416816126423222,0.371744894093824,0.0824806237068049,0.506303855497833,0.0270574249276474,0.268408975729842,0.151036729308787,0.0715724745344716,0.947398184167938,0.0183536062933912,0.114024786181972,0.872811659959501,0.0190164328408274
"52","6248","Conv","t_cell_14",120,0.000532642082275447,0.035045212714309,0.0279595982162062,0.0859295625468785,0.0833273737073805,0.0474987801504464,0.716723947781819,0.0836133821808301,0.227448973351093,0.0580309110439755,0.481901580757448,0.133502789348098,0.160170307555772,0.398003693695538,0.224988357854401,0.198603683075572,0.0875521662843648,0.0789692424154591,0.0543663894222598,0.0803404088690266,0.0466012209321734,0.231614814866734,0.710597772774224,0.797101521060691,0.569063239031885,0.630234547398379,0.0830866975593895,0.639639175647481,0.528157607203518,0.356134446885463,0.386508566483612,0.0818227891130624,0.633928674844342,0.0376340049552561,0.347711918266395,0.197123399188108,0.0391954875876515,0.949400514176818,0.0203249731938192,0.141189760459202,0.878423383440069,0.060283461391532
"53","6253","Acute","t_cell_14",74,0.000598778168871627,0.0370361463701614,0.0276196572535749,0.101090673503328,0.0852471185284803,0.0529951367210452,0.69199575129465,0.0604233925900438,0.230063996714363,0.0191573372379801,0.548894738080385,0.038399624052405,0.0943046493611619,0.155371370542207,0.153996316106335,0.172120571199087,0.0868002374327033,0.0493991282403783,0.0284294175652359,0.0798150173538761,0.0421964713634303,0.166493178988769,0.69977550315188,0.764828979669879,0.394909701597373,0.692146662962786,0.047866582998159,0.658532199583188,0.540015373227655,0.175772895024968,0.291233793974977,0.0271155504000817,0.593106037296451,0.0335053644118506,0.201058129691557,0.16706491506043,0.0711016732271909,0.915111678666371,0.147448163080721,0.0794849362561928,0.748778048765327,0.0554293244245956
"54","6253","Conv","t_cell_14",386,0.00118082174180384,0.0714846034792299,0.0238401837399009,0.0983680812342122,0.146216366217076,0.0524359680376435,0.737777778257237,0.0561364389143493,0.162946658293015,0.029306928256164,0.577010763130536,0.0517411179173533,0.114107328692063,0.173192367808227,0.169625739685661,0.216743191115516,0.0789156753812596,0.0540665103723606,0.0464782776020456,0.0700657928070763,0.0430975603697983,0.193058612150898,0.7631420842387,0.773543758271592,0.478749436338747,0.700791692883678,0.0510407039910978,0.703428134876124,0.560727067056762,0.166858503509331,0.191317315014456,0.0442290265017618,0.663782099130749,0.0528723076733038,0.179740152220449,0.23443571666163,0.0674641028605453,0.905787830171868,0.139987969106499,0.0979575848854588,0.751835055242476,0.105096612038711
"55","6547","Acute","t_cell_14",73,0.000210673346647119,0.0529199173711468,0.0275047394904789,0.150446380593166,0.0828352318890169,0.0422172306889583,0.793825069979818,0.042391423596422,0.00763828018057709,0.0631112129877747,0.597157224002346,0.146898821355743,0.126277688433876,0.133927671495495,0.129343521767777,0.286739814521613,0.133312374452732,0.0805899219515548,0.0790297322086355,0.0823697022855937,0.0425668809723866,0.251363099489318,0.807198916350402,0.827436427144232,0.460216238146038,0.786542228055017,0.0410977745958626,0.64180334210975,0.531107702031457,0.221652300508357,0.0446264438697089,0.100104405192927,0.816489607162377,0.0295779415705079,0.133142743836361,0.395636281067681,0.040934171979588,0.948787181866164,0.0266412148578592,0.126864351609343,0.873530736590917,0.0982016794009319
"56","6547","Conv","t_cell_14",41,0.000230753212253558,0.0806471871900795,0.0276400442113029,0.129615573866984,0.0808728551259006,0.0704336112943588,0.809102248298928,0.0332639164025707,0.0164605381631283,0.0679057027770787,0.625473796517144,0.136662330847262,0.144022373957349,0.163381145352607,0.136680288313505,0.229594993470912,0.133194662131602,0.0772797835137393,0.0541558555948425,0.0305899332123238,0.0491097811198873,0.230362687354754,0.823527561711589,0.825864289848607,0.495536496670842,0.762954665992856,0.0482633064728946,0.591511121260669,0.548360644502889,0.226679532787463,0.031398848780082,0.0995513260939686,0.795559971381342,0.0385709204388195,0.163639778585455,0.232219919045275,0.0406842679914415,0.94444835536817,0.0403335312032267,0.114918515133829,0.867295298605809,0.0586765093227844
"57","6558","Acute","t_cell_14",682,0.00105437775479379,0.0661878153393512,0.0214402823620236,0.100971788138304,0.124453737242655,0.0449237998955446,0.685545305738133,0.102691246429707,0.208667038077831,0.0246711223496102,0.518136407742646,0.0530404546818173,0.0915792129840976,0.285158070334175,0.224378073880991,0.191296637532383,0.0789669753402726,0.044961020144326,0.0452828589131851,0.0628697147825848,0.034053625413807,0.197072501631989,0.731254536320444,0.750364216646088,0.489076104957073,0.680794209830128,0.0644591594457843,0.755856315972686,0.489006131591621,0.270370576651392,0.307698106311917,0.0455317773865193,0.55792189778983,0.033464220574624,0.203414801700867,0.233848920322522,0.0634590657153365,0.90016710101471,0.13199437619324,0.087432908022851,0.755842970042888,0.10065714447165
"58","6558","Conv","t_cell_14",261,0.000878066504286041,0.05498105807878,0.0203450566817766,0.0789562944009415,0.13614626750907,0.0431895357021222,0.712343174081943,0.0762714718981724,0.184476063195615,0.0245195336963441,0.537885036705324,0.0525611766280106,0.0692894015602745,0.20583982218679,0.195333565810078,0.197030073441559,0.0705429742485638,0.0471465007327441,0.0400071606353731,0.0706145610662692,0.0395494283745365,0.200204408382754,0.750366492058038,0.7604089885371,0.517622657102296,0.69211866771317,0.0563386449979482,0.660662747135259,0.494949625157564,0.234965022270337,0.243660431177682,0.0532794942810402,0.580955959952532,0.0376888391109359,0.187948667647241,0.237855685151574,0.0554839411768719,0.903324970209261,0.124124501197451,0.0989117016264148,0.759988682597892,0.0970122683857022
"59","6563","Acute","t_cell_14",289,0.00124085460103734,0.0518714709524453,0.0230169376258308,0.0880268583362062,0.117652356879118,0.0601892770649146,0.759586136116956,0.0816632034011809,0.151497402638154,0.0570744620849194,0.582092375851488,0.111545115447466,0.124268400058356,0.276259773883916,0.209182565534919,0.24212114791138,0.102694675678184,0.0801455313644888,0.0722162016841627,0.0589946423274753,0.0411268767666933,0.253783020271826,0.794863930351695,0.847802812033542,0.510963595879915,0.778234933111651,0.0661963441951917,0.613513092875618,0.489827594405513,0.301823139609475,0.203241115337437,0.0700296389249822,0.640262682274049,0.0349336742453304,0.226130983538451,0.24086549204372,0.0523198012298387,0.949307302411019,0.0338592462594758,0.130936813762186,0.873866484678197,0.0685788113465089
"60","6563","Conv","t_cell_14",1,0.000367917586460633,0,0,0.0097470293263173,0,0.114950826832249,0.701630216540597,0.119723629934024,0.276306584053689,0.185565613253228,0.37418021883654,0.0549203366654292,0.0107169546768269,0.0422750366110134,0.0874828455292391,0.091210152735209,0.0637482110827643,0.0581177294175011,0,0.193468166715756,0.0798439571900651,0.348393485147849,0.567321139306948,0.891402609583668,0.472943932652213,0.783842924943107,0,0.493124661963545,0.505506905458697,0.450018318099658,0.446328122913987,0.145306450758119,0.0951560451603198,0.0380428744327557,0.210697273889086,0,0.0459856482330456,0.968885138775617,0,0.143778515775049,0.888061270924292,0
"61","6605","Acute","t_cell_14",45,0.00172407187464082,0.0579841215435195,0.0354501683080831,0.0874874488591138,0.103598649543358,0.0510802261018778,0.721637291338901,0.218861605951733,0.204894928701128,0.0752472855392166,0.49960193245233,0.243252403240221,0.117158125850894,0.201268973209136,0.157320866898125,0.168613877650873,0.0937384223029009,0.0666734963966075,0.051701346385743,0.0778899009599378,0.0296412845420737,0.162876763911054,0.670996842155872,0.767236889134897,0.488077569146039,0.677071184314909,0.109496870990488,0.599566745173097,0.452162084762422,0.201132031543552,0.156293660390746,0.0713070578452918,0.535530876333145,0.135700975476994,0.224812296033461,0.138715600590342,0.0477034864426781,0.94136211544776,0.043121187399789,0.248454063958396,0.884604784679699,0.044120117955403
"62","6605","Conv","t_cell_14",340,0.00137069139286434,0.0786582879741619,0.0397784226565625,0.104938180972073,0.161858366707454,0.0678885483577227,0.735155765120394,0.214570636380324,0.231512146815338,0.0727792422797421,0.513116979645279,0.234455259779132,0.157339052025029,0.240732417412469,0.215451435010821,0.289233109363473,0.11076983860565,0.0871781808918433,0.0814701931268741,0.0895636706431783,0.0496944201775374,0.215675984168527,0.73543786154916,0.791986289903423,0.554390923871011,0.723382749607219,0.112610967303643,0.655659876624423,0.476643848219771,0.255458797865755,0.203044455262291,0.10338564819433,0.594308799317148,0.131269846891525,0.26803354258749,0.21177312602174,0.0799327470483066,0.946358662102601,0.044134948839287,0.216030273200734,0.888152708532717,0.0811078314899996
"63","6775","Acute","t_cell_14",62,0.000222530095400805,0.074607754497508,0.030987842800507,0.123407164736635,0.0801264563534176,0.0256663574926128,0.785368610997713,0.0412779442625163,0.0837000882768789,0.0581759765031222,0.561167903437711,0.162652190994592,0.136580922093696,0.153940674503032,0.118118449973156,0.247845542521426,0.137590328491704,0.0770534262337889,0.0680681457735367,0.0372192008909704,0.0329153600890413,0.279997945177052,0.801498807323421,0.835300188897159,0.454828201914246,0.76925466895688,0.0403392634200537,0.614532141652104,0.519112771487003,0.242838699886974,0.160929477303871,0.106951754251589,0.772012877214892,0.0270760134603855,0.167370777107117,0.214151131117388,0.0369877892504487,0.953427871833058,0.034534049392317,0.133871794762501,0.86983487377175,0.061465319917705
"64","6775","Conv","t_cell_14",21,0.000100344995651717,0.069559699807927,0.0244505181002987,0.0166742776629659,0.0422383027275276,0.0324591634992681,0.792901731735011,0.0377038203019909,0.143666821178988,0.0615326131681398,0.508819246978606,0.113693778307208,0.0968933952068825,0.14993334676085,0.0797715710279014,0.24044174750165,0.0962659798001056,0.0719714482566561,0.0585703451948081,0.0132742427294028,0.0207433052636749,0.242861141263713,0.762048606389918,0.841636789044976,0.508188394698344,0.732651681566215,0.0407768735186468,0.596757759585586,0.526039860487464,0.204633894054113,0.282322734492634,0.110396332975412,0.715461719212374,0.0193582197747082,0.253465870208803,0.0843855050831268,0.0216587106315778,0.954663522917923,0.028954728484485,0.103230123908661,0.867442421546414,0.0233491378961372
"65","6790","Acute","t_cell_14",67,0.000246358852923765,0.0577820568238536,0.0293782362435759,0.0821288027753163,0.0803362670425011,0.0265467434241961,0.807086673251671,0.0447441686757142,0.0190869540910691,0.0437347676622545,0.604858229953592,0.105831165395854,0.154584307920797,0.136206091472708,0.11088453253686,0.313795852845124,0.132867761322338,0.0710047917866171,0.0592360623301809,0.0475859644494509,0.0304529718389155,0.250923450180418,0.793615320946027,0.843585148522119,0.474427139727936,0.751192478617569,0.0202402720899877,0.622114113743261,0.524625920797171,0.211963027553665,0.0400374843481897,0.0714417934273896,0.803440106780835,0.0265242674900028,0.13269851251696,0.282851747259875,0.0415560501718623,0.956183342007287,0.0319763654294402,0.0786192420152886,0.874061638452374,0.0598740388124481
"66","6790","Conv","t_cell_14",1,4.38904494382022e-05,0.00811870335887294,0,0,0.0296451064149962,0,0.793721939420117,0,0,0,0.552458162739876,0.0750245472052812,0.135966041919421,0.0996451672189587,0.298248710248892,0.215670713174116,0.02302951878641,0,0.209246518837868,0.0988339682632363,0.210688990717696,0.353528200762514,0.759286559355993,0.844380623466133,0.647311387906201,0.712287503356839,0.0244355035269392,0.457460523652202,0.365037743302041,0.290928965903278,0,0.276350333198094,0.732892777598673,0.0253620938929245,0.233398703942401,0.504144612853469,0.00721042515865632,0.862016636468276,0,0.0225982447824438,0.796984788263285,0.0219730443893217
"67","7119","Acute","t_cell_14",255,0.0008758341891321,0.0708057126487821,0.0195549365816091,0.0966055783446637,0.107418647996305,0.043162469578985,0.724921723822016,0.0664632040525213,0.156766703880362,0.0253646279455815,0.567214206304168,0.054985665897207,0.0975443249219157,0.163875445984175,0.15691894280832,0.174070327954549,0.0725255701007401,0.0541468193397212,0.0444555775076341,0.0624955058472759,0.0401012937513864,0.180608487603368,0.793930424056359,0.805654783578019,0.462469475764497,0.712929766410357,0.0479666170959197,0.704017372483145,0.53516822955311,0.206077406142654,0.179136979084309,0.0429814298253139,0.643098081610987,0.0372170711204884,0.176599325234366,0.237305460137103,0.0529147972370778,0.898496943632052,0.199471337797025,0.0916064101063805,0.765172546358346,0.0720455754830939
"68","7119","Conv","t_cell_14",234,0.00110635159286261,0.0797166211360891,0.0245793906364275,0.0629995821446007,0.072377931097451,0.0409043362879668,0.708340500527225,0.0596533075730574,0.249235233364275,0.0182262735927856,0.538571012122688,0.0517138092646151,0.105565511821399,0.207614638935648,0.160509361159142,0.136410130406251,0.067019318296591,0.0558337090854593,0.0501018266499286,0.0614965669866738,0.0448399824484177,0.194915321300825,0.766165450693189,0.807755507464695,0.512783789629623,0.706518033872248,0.0524043683127271,0.659361725977806,0.575463918275151,0.218702752878142,0.287656445391059,0.0394084848330853,0.564843882349203,0.0399978508096367,0.174828728191325,0.170679393442489,0.056630811532165,0.898740065559124,0.18278289852524,0.107731099968026,0.775055756667035,0.0645355288866958
"69","7127","Acute","t_cell_14",42,0.000149530048419254,0.0460950034939003,0.0221846812968201,0.129722094386357,0.132606291330022,0.041302414753637,0.767999836021692,0.0296300472442252,0.0261502634612192,0.0218190188676241,0.598491678216479,0.0557300778878909,0.0903612901373065,0.116984662620522,0.0982553654217755,0.198357397009421,0.0923351900859227,0.066489150514887,0.0406663870168566,0.0385622814687714,0.01696524723919,0.211941922602599,0.803007083488185,0.803386134472227,0.467369104663019,0.716288030909402,0.0324473571688058,0.728444750332949,0.476274816328544,0.089076619525727,0.0278414890413298,0.0498153826709761,0.772815572562269,0.0530484206557006,0.114989547880743,0.257507191306117,0.049385774638086,0.903031326289598,0.126975785540958,0.0819147512158459,0.756229590057694,0.144290157450305
"70","7127","Conv","t_cell_14",80,0.000368845467580789,0.0718371936100926,0.020395697378132,0.112625140979016,0.131537996626329,0.0488575528259117,0.777648007700734,0.0241232641196961,0.0229830548044559,0.0264235553109393,0.65833342570357,0.0488270933557686,0.0796275502928993,0.0998713404857543,0.149073691962379,0.191760458523623,0.0735126900786158,0.0634887589301344,0.0609574714863195,0.0592371269407359,0.0430241480044016,0.1868461841208,0.799672636338496,0.793832149108926,0.45018844781835,0.731635265074715,0.058061443428242,0.666522415314782,0.511143141103554,0.0969658096576115,0.0226765676880077,0.050448655789827,0.75511267535673,0.0393712047763273,0.107522541087954,0.247947848380974,0.0802502288840292,0.902216360895806,0.129705470245491,0.0857193373962846,0.754529979997082,0.132839489802391
"71","7134","Acute","t_cell_14",111,0.000454452405322416,0.081125942704153,0.0192009907798952,0.120211467080157,0.116758197421781,0.0418188438217099,0.718708278989592,0.0262102083866621,0.021492933148821,0.0171609257290151,0.61465727575537,0.0506326970450929,0.0913452886474968,0.102487861362111,0.1248956837941,0.197346124508741,0.0677512861900593,0.0547463326655369,0.0388383161111333,0.0481994504498611,0.0331468238422012,0.193640824281175,0.791898946560995,0.77219194336201,0.385122711477772,0.700910294317287,0.0345813216049841,0.69299918871646,0.471459234174915,0.109187872886417,0.0355057149239639,0.0507343799111891,0.745242637330419,0.0364488239324689,0.101384370974882,0.311566206745674,0.0737089217486968,0.909562407845421,0.164274598524092,0.0697806243286682,0.741391833883838,0.0961408315970832
"72","7134","Conv","t_cell_14",178,0.000597891257687773,0.0908782598882918,0.0198159718830261,0.0920091852074521,0.0985738648282127,0.0491836010106956,0.768821100637649,0.0428835196363242,0.0261212867573337,0.0311910468710141,0.661417157272433,0.0518826812742577,0.0981394528614462,0.11609320336027,0.127278816385428,0.21726318763933,0.082675712388949,0.0626621442776561,0.0570704732860826,0.0499997300642419,0.0376100893446558,0.210833449664055,0.821525846355791,0.78097463072,0.41119936082156,0.719410567263722,0.0336240631375017,0.66719475984423,0.550481780458683,0.129010878307613,0.0338271652927482,0.0467529858202353,0.752441140962857,0.0301779554993925,0.128439347341481,0.312358631860057,0.0592191492487957,0.900793060828457,0.188072779536523,0.0946389063226986,0.744411367780739,0.119522069038715
"73","726","Acute","t_cell_14",44,0.000157248438237102,0.0633239014520799,0.0257806169917695,0.157369949894084,0.0475265446466014,0.0167730690333631,0.549137968206937,0.212699928370901,0.340421535806053,0.0235096523176312,0.309395749197897,0.0352673544575845,0.0893201731579226,0.659056654451385,0.398159011538307,0.0697435639937753,0.0724974747734497,0.0483670131849804,0.019026091458548,0.0977088724557015,0.0365044215355295,0.243301675611818,0.629363259187177,0.725228671352602,0.603938110519196,0.730560954721858,0.123565497977623,0.637239768904661,0.484230002027088,0.502361067715233,0.26637675515289,0.0333354557826864,0.284293063430337,0.0174802455768317,0.375627869988447,0.0546665036829492,0.0662480390811695,0.956158518144568,0.0427172563221493,0.0635501380399356,0.876554716351773,0.065826133890025
"74","726","Conv","t_cell_14",69,0.000199291216456256,0.0479844054949429,0.022689254196933,0.0971707771905595,0.0560758464834176,0.0367130608916499,0.555514287974618,0.195304292667085,0.327884693158963,0.0268506718719907,0.294350943842508,0.0374800315963624,0.1198612484789,0.58024094173263,0.426157223259923,0.0811758997708732,0.0575213419231312,0.0349343398343375,0.0322774527211169,0.108272350221717,0.0418461212021723,0.241938560959858,0.667084191179287,0.726050124515725,0.663425918677395,0.671802561302649,0.112697128265377,0.530302724546811,0.523029542884097,0.518498434496027,0.401174322706569,0.0251356907175079,0.251141888036907,0.0264753298914662,0.409908407038852,0.0733910571594722,0.0731532495542824,0.960793185595534,0.0366280876440911,0.0798147523860459,0.883660710760616,0.0569028609955444
"75","7444","Acute","t_cell_14",92,0.000393579520175228,0.0336647509456968,0.0246492602013293,0.0668732032112689,0.0409273625867513,0.0564297283006258,0.584301663718686,0.0667870004743249,0.364384687244533,0.0188356103591912,0.446610841215712,0.0432063520124346,0.0643203246246579,0.471835861029291,0.125451878825999,0.0212527082006408,0.0544174512792848,0.0258986689752141,0.039853024608894,0.0267453931347837,0.0337617795880132,0.150029663078703,0.651293534153786,0.734718618089677,0.480178227507455,0.707597821716796,0.0793257596815313,0.603759584374595,0.502995446614915,0.357697952424314,0.718813232436643,0.0532486997199946,0.150901615053425,0.0347518710268818,0.179596650972508,0.0377130210533784,0.0472702182644737,0.937179644833674,0.0840523686881841,0.0715694457460009,0.813694610693179,0.0651842971816134
"76","7444","Conv","t_cell_14",18,0.000259302476338649,0.062469855709976,0.00604049194887003,0.0349671689099398,0.0627581698372695,0.0314190524909846,0.546123244123951,0.0724352545221197,0.444613952922556,0.0184563482442068,0.406953506012403,0.0496262949838034,0.0410984303385385,0.506975582475538,0.1904181250825,0.0380542189214246,0.0796944409529051,0.028940397015518,0.030635215920722,0.0242015579466115,0.0443868171860152,0.18405153128324,0.642678472002876,0.718292285972137,0.529851913900687,0.729309364941701,0.0851309892289578,0.568488874793719,0.516972966161065,0.316627144522349,0.752218923837896,0.060191060933842,0.217537745074955,0.0374404729043504,0.1248754013736,0.0321939132646613,0.115466468685734,0.925767430038893,0.0884889384551191,0.0563338603680739,0.810608738837285,0.181474218280967
"77","7504","Acute","t_cell_14",1462,0.00163433580793983,0.0807655633820597,0.021552714233058,0.0801117618327558,0.10835714555493,0.0407675356532721,0.685350530553086,0.0808324402503394,0.177697340578652,0.0255563864616687,0.557146180197486,0.0604279438814076,0.0909605251495319,0.243777935569988,0.242786683538475,0.174031273833504,0.0715628002101924,0.053313884002908,0.0468774117035981,0.077414750063595,0.0352173568312609,0.181101830662127,0.772363061904487,0.772509967240652,0.498118511299908,0.615467632909426,0.0572713723478926,0.780246442942625,0.513813075524373,0.247873121863022,0.275490755770267,0.0458989213997305,0.597184616897279,0.0357941384969687,0.231551043474566,0.219057414712062,0.055131488223006,0.900158406179055,0.196842670701518,0.0830976397510887,0.76287020566469,0.0947693401923822
"78","7504","Conv","t_cell_14",836,0.00164922096009911,0.0805853222566713,0.0209415730955131,0.0708234252799441,0.105714441196797,0.0417767233384804,0.723225939720432,0.0693272735243275,0.163901388643705,0.0246723694722063,0.55228552092214,0.0525195510607303,0.0826273433289282,0.183236670136632,0.205003404691592,0.154392227088841,0.0803434943193125,0.047952378550743,0.0479347653901965,0.0571566508170019,0.0367074789421345,0.202287518661795,0.765481982568506,0.781586550506839,0.51025326055903,0.635381589007242,0.0507552355277435,0.695161867373307,0.530391484834652,0.213158844958874,0.266084914181602,0.044789803380122,0.59497504364487,0.0313973298960749,0.216851548907363,0.193857198957465,0.0565605391817081,0.902100198358686,0.17343141142347,0.0904805331629818,0.760264613006498,0.104095903411509
"79","7871","Acute","t_cell_14",2,5.85137507314219e-05,0.129543623730995,0,0.0683966105873923,0.00411681367722231,0.0749917770026282,0.660635577022102,0.0610070274042679,0,0,0.490211855013141,0.0191013709711792,0.0887442862386998,0.186095217264468,0.15110345744477,0.227136368632705,0.0519919040975822,0.114971557229164,0.0411083848329779,0.10905350829873,0.0180138868545509,0.224936399187039,0.675768180717994,0.866583968980483,0.419741088104032,0.719205201182573,0.0509119093179295,0.525677406963615,0.565780535295689,0.129962600390321,0.0934128467748362,0.0531937111278947,0.742091813635754,0,0.143118744268035,0.294127541042384,0,0.93345720073552,0.390939695513513,0.063700176414766,0.820291239648995,0
"80","7871","Conv","t_cell_14",91,0.000293774878051143,0.05615701085083,0.0193767860463327,0.0886875614435617,0.095769692487731,0.0411788042516878,0.758085896543462,0.0228781280275433,0.0157291458359402,0.0264489859600121,0.651568643614023,0.0594750186570486,0.135941755624856,0.121277438014109,0.0889739017683763,0.22796420403597,0.0757089373941061,0.0633135350914523,0.0557683094870979,0.033973678528292,0.0393935875322113,0.190928116391109,0.818515685977667,0.788541070181379,0.485569928897972,0.752536724205442,0.0268181695430832,0.647281016981993,0.5093708562962,0.0928062057316694,0.0168223840327082,0.0415047862688017,0.791875985384111,0.0336819017360815,0.108039527363082,0.228599333457395,0.0702527762323204,0.931947145795511,0.123264397027201,0.0763925792833857,0.801630737869982,0.129127515149794
"81","7883","Acute","t_cell_14",886,0.00130740172352733,0.0893526677173551,0.0228035432794315,0.0749292504339941,0.0892488095050731,0.0368994561956212,0.66714332707076,0.0844466418754969,0.244558415704248,0.0229436212802177,0.506688799626857,0.0564468033856006,0.080565426812391,0.298940674647318,0.196204262128589,0.166516399224355,0.0780020326712389,0.0489649712821705,0.0413799246679668,0.0656216834815864,0.0393968835158519,0.175494433307565,0.744092245671158,0.751183859594696,0.503935369484074,0.627058607089186,0.0604425241394576,0.762577327251198,0.521773764453199,0.297438302515792,0.377117508294911,0.049361995716885,0.534321981094326,0.0388084038022737,0.217646297805091,0.208411892148883,0.0514448745633271,0.902891684907506,0.188719035231142,0.0785921387260476,0.768905496032837,0.0739770216752775
"82","7883","Conv","t_cell_14",734,0.00149739995063068,0.0788263958319088,0.0237750956475239,0.0707106699401961,0.104885097952904,0.0353283728862942,0.712826975887543,0.0758185664095264,0.204183279480432,0.0254927034969061,0.534335352414707,0.0559132058052237,0.0933200815945264,0.229376810036602,0.188108491999219,0.177881809062567,0.0801710653396914,0.0517950302055655,0.0478493814789709,0.0708698714057021,0.0375707362322498,0.198732802303707,0.760124384699802,0.771095216177169,0.522683813314774,0.661272259574126,0.0534360092719286,0.688978200241713,0.543139766757048,0.260536104424642,0.30240377187226,0.0518334118451246,0.57235646709514,0.0345936953159146,0.213208514250339,0.192046980164092,0.0496323201664072,0.899540812312142,0.184955535363263,0.0845518446887844,0.762507823861936,0.0842969334008863
"83","7886","Acute","t_cell_14",71,0.000155800154483533,0.0791818608028115,0.0145248069466612,0.193309214134046,0.0950925756147287,0.0555068524526119,0.751714165828895,0.0301504019553518,0.0234200717956409,0.0333740921759889,0.655586958762009,0.0644644776728578,0.120437439525342,0.113057586988752,0.145375715327757,0.277477946828582,0.087929227715899,0.0677515183004624,0.0396542820946513,0.0548016546718657,0.0392798529065335,0.229249244334172,0.833197948970796,0.79117023122634,0.408528286814766,0.750560610950145,0.0372008038716636,0.724134078783452,0.537413600921744,0.120126255851932,0.0465683076959795,0.0478624315551176,0.790387265245229,0.0419563686645936,0.115342754780904,0.253483410451879,0.0895526789972758,0.898875347939771,0.28078197554079,0.0481869825533806,0.742133378799954,0.0936293028957378
"84","7886","Conv","t_cell_14",57,0.000159793221963999,0.0750505635220816,0.020193374513998,0.104111892606005,0.0691058790240175,0.0357933729604739,0.810990994074765,0.0613874645923664,0.0181957182120291,0.0291054570324609,0.708923583037333,0.0579408392640622,0.130743901109576,0.0915805641084111,0.136777726812764,0.240508462331818,0.109985229685341,0.0742742631909024,0.0596454852068505,0.0448037324540132,0.0497763783936604,0.195623722036926,0.824267159688824,0.804027954128971,0.43126325275555,0.724580067896919,0.045834690790355,0.692488233839348,0.599144713494428,0.11102261635885,0.0378096917317636,0.0438308382719014,0.764361837312586,0.0440285843292625,0.104685512555828,0.225401597893928,0.0784622772025095,0.903191335034028,0.265303484035234,0.0617998645449747,0.73727857620953,0.084472437098246
"85","7933","Acute","t_cell_14",122,0.000344214654515701,0.0694200252666737,0.0176807993219765,0.075532943625566,0.104003538768892,0.0541427019939362,0.690735148170501,0.101038559682596,0.234180984126792,0.0221398741084741,0.525042946152279,0.0569830780608803,0.110883299475385,0.262274430574522,0.240052355452731,0.174662620367952,0.0706743452454656,0.0490564353174649,0.0402529648710107,0.061960259417774,0.0438250884364494,0.15991171807014,0.767513350549464,0.7787045359118,0.512644830784275,0.731120010038291,0.0486436889178078,0.709640353021109,0.556097098125301,0.276516693593741,0.24605826569533,0.0456416441070692,0.532130143500866,0.0304982047999147,0.22565201367894,0.197805645223215,0.0808757557713416,0.903259339723901,0.154246212793846,0.0770456711274898,0.763651586345689,0.106500111479533
"86","7933","Conv","t_cell_14",98,0.000529323438225794,0.0922678279681901,0.0193115486520382,0.0740350030737548,0.0709792961420588,0.0377764036097977,0.708562199681808,0.0896903287724762,0.226353070387853,0.0177557819471396,0.534385798628376,0.0418306333673044,0.100735774327046,0.240964002259289,0.213839072106785,0.159804375118045,0.0628574898832945,0.0465719628639275,0.0356922776242718,0.0791544737461156,0.0408679971992018,0.193186271540451,0.754033949624684,0.785764012718033,0.528498743056417,0.702765228706568,0.0550924089544285,0.648327383984418,0.564694921278877,0.274000536465851,0.2160196081115,0.0370602316845833,0.574259003684688,0.0278866495545861,0.199015405393631,0.168897897054826,0.0531528851495584,0.903447461381527,0.126413966634264,0.0823505925972348,0.760128545244897,0.0802118479809971
"87","8016","Acute","t_cell_14",446,0.0011431383504975,0.084361293963724,0.0183300591746916,0.0827917461544351,0.129480140319064,0.0512629852021326,0.681404785683287,0.0858222949342263,0.191578984410388,0.0256414531805715,0.568050575483608,0.0490349727045151,0.104416508687808,0.200972832798235,0.259691944028079,0.169283450432955,0.0944755516246499,0.0560206357074243,0.0518821336540036,0.0760728731027918,0.0396009830345863,0.20244140970302,0.768527871860739,0.760210184875312,0.453945703352161,0.6393110951569,0.0532311786974567,0.749443843791148,0.544509956174864,0.200154623634926,0.250316962783721,0.0558725194014688,0.594507525831084,0.0301300381557156,0.207615292965438,0.246515905323819,0.0418548488714251,0.899185230189037,0.222213138489697,0.0769919247696413,0.763817394712972,0.090289626068603
"88","8016","Conv","t_cell_14",243,0.00105971008425349,0.0773119931454828,0.0249263478213746,0.0644817623169874,0.125271955843086,0.0390015446988308,0.740871048319343,0.0587034968439459,0.174617179621539,0.0286470548645898,0.606961017962586,0.0507792482181119,0.115846795527837,0.178305282093784,0.239555194313994,0.151335873188627,0.069113082599406,0.0579443025205933,0.0369237144604763,0.0661479625709312,0.0450193169674891,0.232803585945462,0.773578352836162,0.77242915056066,0.483223632013153,0.65030378963442,0.0512289745795718,0.641658375910253,0.578950194053918,0.187493032148834,0.239862484063674,0.0516879294951048,0.612721739218807,0.04223813694427,0.214659242599449,0.220650926643735,0.0405176302301574,0.901891749759792,0.172094153080881,0.0786253736139414,0.769451307240088,0.0825298204782529
